0.000000000000000000e+00 1.105137395459976080e-01 9.796893667861410193e-02 1.821983273596176900e-01 3.387096774193548154e-01 3.363201911589008275e-01 3.428912783751493221e-01 3.452807646356033655e-01 3.518518518518518601e-01 3.697729988052568806e-01 3.661887694145758432e-01 3.643966547192353800e-01 3.721624850657108685e-01 3.661887694145758432e-01 3.626045400238948613e-01 3.626045400238948613e-01 3.434886499402628468e-01 3.506571087216248661e-01 3.649940262843488492e-01 3.649940262843488492e-01 3.685782556750298866e-01 3.835125448028673945e-01 3.805256869772998818e-01 3.793309438470728878e-01 3.853046594982078576e-01 3.428912783751493221e-01 3.422939068100358528e-01 3.476702508960573534e-01 3.620071684587813365e-01 3.626045400238948613e-01 3.608124253285543426e-01 3.560334528076463667e-01 3.566308243727598359e-01 3.446833930704898408e-01 3.673835125448028927e-01 3.685782556750298866e-01 3.685782556750298866e-01 3.703703703703703498e-01 3.578255675029868854e-01 3.494623655913978721e-01 3.763440860215053752e-01 3.637992831541218552e-01 3.620071684587813365e-01 3.739545997610513872e-01 3.357228195937873583e-01 3.369175627240143522e-01 3.632019115890083860e-01 3.590203106332138794e-01 3.494623655913978721e-01 3.482676224611708227e-01 3.482676224611708227e-01 3.494623655913978721e-01 3.572281959378733607e-01 3.506571087216248661e-01 3.249701314217443016e-01 3.291517323775388082e-01 3.297491039426523329e-01 3.524492234169653293e-01 3.345280764635603088e-01 3.841099163679808637e-01 3.626045400238948613e-01 3.566308243727598359e-01 3.703703703703703498e-01 3.673835125448028927e-01 3.554360812425328420e-01 3.584229390681003546e-01 3.554360812425328420e-01 3.464755077658303595e-01 3.960573476702509144e-01 3.649940262843488492e-01 3.482676224611708227e-01 4.062126642771803908e-01 4.032258064516128782e-01 4.127837514934288854e-01 4.080047789725209095e-01 3.936678614097968709e-01 3.900836320191158890e-01 4.038231780167264029e-01 4.014336917562724150e-01 3.990442054958183715e-01 3.793309438470728878e-01 4.115890083632018914e-01 4.014336917562724150e-01 4.115890083632018914e-01 4.050179211469533969e-01 4.032258064516128782e-01 4.139784946236559349e-01 3.984468339307049023e-01 3.996415770609318963e-01 4.008363201911588902e-01 3.984468339307049023e-01 4.115890083632018914e-01 3.990442054958183715e-01 4.026284348864994089e-01 4.056152927120669216e-01 3.930704898446834017e-01 3.912783751493428830e-01 3.930704898446834017e-01 3.841099163679808637e-01 3.835125448028673945e-01
1.105137395459976080e-01 0.000000000000000000e+00 8.303464755077658022e-02 1.983273596176821918e-01 3.405017921146953341e-01 3.470728793309438287e-01 3.506571087216248661e-01 3.500597371565113414e-01 3.572281959378733607e-01 3.817204301075268758e-01 3.709677419354838745e-01 3.709677419354838745e-01 3.751493428912783812e-01 3.739545997610513872e-01 3.721624850657108685e-01 3.745519713261648564e-01 3.470728793309438287e-01 3.482676224611708227e-01 3.667861409796893679e-01 3.667861409796893679e-01 3.709677419354838745e-01 3.799283154121863570e-01 3.811230585424134065e-01 3.793309438470728878e-01 3.793309438470728878e-01 3.416965352449223281e-01 3.458781362007168347e-01 3.506571087216248661e-01 3.679808841099163619e-01 3.667861409796893679e-01 3.596176821983273486e-01 3.584229390681003546e-01 3.608124253285543426e-01 3.560334528076463667e-01 3.745519713261648564e-01 3.727598566308243933e-01 3.715651135005973993e-01 3.727598566308243933e-01 3.632019115890083860e-01 3.590203106332138794e-01 3.817204301075268758e-01 3.643966547192353800e-01 3.614097968936678673e-01 3.751493428912783812e-01 3.387096774193548154e-01 3.399044205495818649e-01 3.661887694145758432e-01 3.590203106332138794e-01 3.536439665471923788e-01 3.560334528076463667e-01 3.542413381123058480e-01 3.578255675029868854e-01 3.554360812425328420e-01 3.602150537634408733e-01 3.339307048984468396e-01 3.351254480286738335e-01 3.297491039426523329e-01 3.506571087216248661e-01 3.399044205495818649e-01 3.853046594982078576e-01 3.614097968936678673e-01 3.608124253285543426e-01 3.811230585424134065e-01 3.763440860215053752e-01 3.632019115890083860e-01 3.661887694145758432e-01 3.643966547192353800e-01 3.506571087216248661e-01 3.924731182795698770e-01 3.518518518518518601e-01 3.542413381123058480e-01 4.086021505376344343e-01 4.127837514934288854e-01 4.211469534050178987e-01 4.115890083632018914e-01 3.960573476702509144e-01 3.918757467144564077e-01 3.966547192353643836e-01 3.972520908004779083e-01 3.960573476702509144e-01 3.769414575866188999e-01 4.169653524492233920e-01 4.091995221027479035e-01 4.169653524492233920e-01 4.050179211469533969e-01 3.984468339307049023e-01 4.139784946236559349e-01 4.014336917562724150e-01 4.044205495818399276e-01 4.026284348864994089e-01 4.014336917562724150e-01 4.068100358422939156e-01 4.080047789725209095e-01 4.056152927120669216e-01 4.032258064516128782e-01 3.996415770609318963e-01 3.984468339307049023e-01 3.972520908004779083e-01 3.882915173237753703e-01 3.894862604540023643e-01
9.796893667861410193e-02 8.303464755077658022e-02 0.000000000000000000e+00 1.965352449223417008e-01 3.405017921146953341e-01 3.369175627240143522e-01 3.363201911589008275e-01 3.339307048984468396e-01 3.536439665471923788e-01 3.811230585424134065e-01 3.691756272401433558e-01 3.649940262843488492e-01 3.667861409796893679e-01 3.685782556750298866e-01 3.643966547192353800e-01 3.643966547192353800e-01 3.470728793309438287e-01 3.542413381123058480e-01 3.620071684587813365e-01 3.649940262843488492e-01 3.691756272401433558e-01 3.715651135005973993e-01 3.709677419354838745e-01 3.715651135005973993e-01 3.763440860215053752e-01 3.416965352449223281e-01 3.440860215053763715e-01 3.506571087216248661e-01 3.673835125448028927e-01 3.673835125448028927e-01 3.584229390681003546e-01 3.566308243727598359e-01 3.614097968936678673e-01 3.518518518518518601e-01 3.661887694145758432e-01 3.715651135005973993e-01 3.715651135005973993e-01 3.733572281959378625e-01 3.548387096774193727e-01 3.548387096774193727e-01 3.703703703703703498e-01 3.673835125448028927e-01 3.643966547192353800e-01 3.727598566308243933e-01 3.327359617682198456e-01 3.339307048984468396e-01 3.703703703703703498e-01 3.643966547192353800e-01 3.530465949820788540e-01 3.482676224611708227e-01 3.500597371565113414e-01 3.536439665471923788e-01 3.518518518518518601e-01 3.566308243727598359e-01 3.261648745519713510e-01 3.333333333333333148e-01 3.273596176821983450e-01 3.560334528076463667e-01 3.315412186379928516e-01 3.799283154121863570e-01 3.649940262843488492e-01 3.637992831541218552e-01 3.769414575866188999e-01 3.721624850657108685e-01 3.608124253285543426e-01 3.578255675029868854e-01 3.572281959378733607e-01 3.536439665471923788e-01 3.912783751493428830e-01 3.602150537634408733e-01 3.566308243727598359e-01 4.127837514934288854e-01 4.050179211469533969e-01 4.097968936678614282e-01 4.026284348864994089e-01 3.984468339307049023e-01 3.966547192353643836e-01 4.056152927120669216e-01 3.948626045400239204e-01 3.912783751493428830e-01 3.757467144563918504e-01 4.133811230585424101e-01 4.056152927120669216e-01 4.062126642771803908e-01 3.960573476702509144e-01 3.996415770609318963e-01 4.133811230585424101e-01 3.930704898446834017e-01 4.002389486260454210e-01 3.960573476702509144e-01 3.960573476702509144e-01 4.139784946236559349e-01 4.044205495818399276e-01 4.002389486260454210e-01 4.044205495818399276e-01 3.954599761051373896e-01 3.936678614097968709e-01 3.918757467144564077e-01 3.787335722819593631e-01 3.864994026284349071e-01
1.821983273596176900e-01 1.983273596176821918e-01 1.965352449223417008e-01 0.000000000000000000e+00 3.333333333333333148e-01 3.434886499402628468e-01 3.488649940262843474e-01 3.524492234169653293e-01 3.560334528076463667e-01 3.739545997610513872e-01 3.697729988052568806e-01 3.643966547192353800e-01 3.673835125448028927e-01 3.685782556750298866e-01 3.673835125448028927e-01 3.643966547192353800e-01 3.446833930704898408e-01 3.506571087216248661e-01 3.596176821983273486e-01 3.667861409796893679e-01 3.691756272401433558e-01 3.757467144563918504e-01 3.829151732377538697e-01 3.775388291517323691e-01 3.817204301075268758e-01 3.500597371565113414e-01 3.458781362007168347e-01 3.530465949820788540e-01 3.655913978494623739e-01 3.661887694145758432e-01 3.667861409796893679e-01 3.614097968936678673e-01 3.632019115890083860e-01 3.536439665471923788e-01 3.757467144563918504e-01 3.721624850657108685e-01 3.691756272401433558e-01 3.703703703703703498e-01 3.584229390681003546e-01 3.566308243727598359e-01 3.727598566308243933e-01 3.608124253285543426e-01 3.733572281959378625e-01 3.763440860215053752e-01 3.530465949820788540e-01 3.542413381123058480e-01 3.578255675029868854e-01 3.566308243727598359e-01 3.548387096774193727e-01 3.470728793309438287e-01 3.470728793309438287e-01 3.500597371565113414e-01 3.554360812425328420e-01 3.482676224611708227e-01 3.315412186379928516e-01 3.279569892473118142e-01 3.309438470728793269e-01 3.620071684587813365e-01 3.446833930704898408e-01 3.787335722819593631e-01 3.566308243727598359e-01 3.643966547192353800e-01 3.787335722819593631e-01 3.751493428912783812e-01 3.626045400238948613e-01 3.661887694145758432e-01 3.649940262843488492e-01 3.584229390681003546e-01 3.948626045400239204e-01 3.679808841099163619e-01 3.554360812425328420e-01 3.990442054958183715e-01 4.026284348864994089e-01 4.068100358422939156e-01 4.074074074074073848e-01 3.900836320191158890e-01 3.906810035842294138e-01 3.960573476702509144e-01 3.948626045400239204e-01 3.942652329749103957e-01 3.614097968936678673e-01 4.139784946236559349e-01 3.960573476702509144e-01 4.008363201911588902e-01 4.044205495818399276e-01 4.008363201911588902e-01 4.086021505376344343e-01 3.996415770609318963e-01 4.044205495818399276e-01 4.086021505376344343e-01 4.020310633213858842e-01 4.032258064516128782e-01 3.984468339307049023e-01 4.074074074074073848e-01 4.026284348864994089e-01 3.948626045400239204e-01 4.002389486260454210e-01 3.966547192353643836e-01 3.709677419354838745e-01 3.870967741935483764e-01
3.387096774193548154e-01 3.405017921146953341e-01 3.405017921146953341e-01 3.333333333333333148e-01 0.000000000000000000e+00 1.684587813620071761e-01 1.893667861409796815e-01 1.893667861409796815e-01 3.154121863799282943e-01 3.470728793309438287e-01 3.273596176821983450e-01 3.178016726403823378e-01 3.040621266427718239e-01 3.082437275985663305e-01 3.136200716845878311e-01 3.076463560334528058e-01 2.879330943847072666e-01 2.909199522102747792e-01 3.160095579450418191e-01 3.183990442054958070e-01 3.351254480286738335e-01 3.279569892473118142e-01 3.303464755077658577e-01 3.279569892473118142e-01 3.178016726403823378e-01 3.052568697729988179e-01 3.022700119474313052e-01 3.010752688172043112e-01 3.303464755077658577e-01 3.285543608124253390e-01 3.231780167264038384e-01 3.195937873357228010e-01 3.285543608124253390e-01 3.195937873357228010e-01 3.566308243727598359e-01 3.458781362007168347e-01 3.434886499402628468e-01 3.428912783751493221e-01 3.219832735961768444e-01 3.279569892473118142e-01 3.709677419354838745e-01 3.560334528076463667e-01 3.673835125448028927e-01 3.643966547192353800e-01 3.076463560334528058e-01 3.082437275985663305e-01 3.393070489844683402e-01 3.351254480286738335e-01 3.614097968936678673e-01 3.614097968936678673e-01 3.632019115890083860e-01 3.608124253285543426e-01 3.590203106332138794e-01 3.733572281959378625e-01 3.536439665471923788e-01 3.518518518518518601e-01 3.566308243727598359e-01 3.697729988052568806e-01 3.488649940262843474e-01 4.080047789725209095e-01 3.811230585424134065e-01 3.775388291517323691e-01 3.948626045400239204e-01 3.960573476702509144e-01 3.984468339307049023e-01 3.978494623655913776e-01 4.002389486260454210e-01 3.954599761051373896e-01 4.157706093189963981e-01 3.739545997610513872e-01 3.673835125448028927e-01 4.229390681003584174e-01 4.217443249701314234e-01 4.336917562724014186e-01 4.199522102747909047e-01 4.062126642771803908e-01 3.990442054958183715e-01 4.080047789725209095e-01 4.080047789725209095e-01 4.097968936678614282e-01 3.793309438470728878e-01 4.229390681003584174e-01 4.091995221027479035e-01 4.097968936678614282e-01 4.074074074074073848e-01 4.068100358422939156e-01 4.091995221027479035e-01 4.050179211469533969e-01 3.990442054958183715e-01 4.044205495818399276e-01 3.990442054958183715e-01 4.169653524492233920e-01 4.205495818399044294e-01 4.163679808841099228e-01 4.229390681003584174e-01 4.205495818399044294e-01 4.199522102747909047e-01 4.133811230585424101e-01 3.954599761051373896e-01 4.086021505376344343e-01
3.363201911589008275e-01 3.470728793309438287e-01 3.369175627240143522e-01 3.434886499402628468e-01 1.684587813620071761e-01 0.000000000000000000e+00 1.397849462365591267e-01 1.385902031063321327e-01 2.891278375149343161e-01 3.315412186379928516e-01 3.100358422939067937e-01 3.076463560334528058e-01 3.106332138590203185e-01 3.130227001194743064e-01 3.118279569892473124e-01 3.106332138590203185e-01 2.616487455197132883e-01 2.652329749103942702e-01 2.956989247311828106e-01 2.986857825567503233e-01 3.076463560334528058e-01 3.166069295101553438e-01 3.195937873357228010e-01 3.160095579450418191e-01 3.124253285543608372e-01 2.879330943847072666e-01 2.771804062126642654e-01 2.861409796893668034e-01 3.088410991636797998e-01 3.088410991636797998e-01 3.070489844683392811e-01 2.974910394265232738e-01 3.106332138590203185e-01 3.136200716845878311e-01 3.393070489844683402e-01 3.351254480286738335e-01 3.363201911589008275e-01 3.357228195937873583e-01 3.172043010752688130e-01 3.231780167264038384e-01 3.637992831541218552e-01 3.381123058542413462e-01 3.518518518518518601e-01 3.494623655913978721e-01 2.998805256869773173e-01 3.010752688172043112e-01 3.261648745519713510e-01 3.261648745519713510e-01 3.494623655913978721e-01 3.518518518518518601e-01 3.602150537634408733e-01 3.566308243727598359e-01 3.494623655913978721e-01 3.655913978494623739e-01 3.620071684587813365e-01 3.518518518518518601e-01 3.536439665471923788e-01 3.715651135005973993e-01 3.566308243727598359e-01 4.008363201911588902e-01 3.733572281959378625e-01 3.751493428912783812e-01 3.942652329749103957e-01 3.918757467144564077e-01 3.811230585424134065e-01 3.864994026284349071e-01 3.811230585424134065e-01 3.853046594982078576e-01 4.020310633213858842e-01 3.799283154121863570e-01 3.679808841099163619e-01 4.133811230585424101e-01 4.247311827956989361e-01 4.205495818399044294e-01 4.151732377538829288e-01 4.056152927120669216e-01 4.008363201911588902e-01 4.133811230585424101e-01 4.026284348864994089e-01 4.026284348864994089e-01 3.721624850657108685e-01 4.199522102747909047e-01 4.074074074074073848e-01 4.074074074074073848e-01 4.032258064516128782e-01 4.080047789725209095e-01 4.050179211469533969e-01 4.056152927120669216e-01 4.127837514934288854e-01 4.121863799283154162e-01 4.121863799283154162e-01 4.074074074074073848e-01 4.103942652329748975e-01 4.115890083632018914e-01 4.121863799283154162e-01 4.181600955794504415e-01 4.199522102747909047e-01 4.199522102747909047e-01 3.924731182795698770e-01 3.972520908004779083e-01
3.428912783751493221e-01 3.506571087216248661e-01 3.363201911589008275e-01 3.488649940262843474e-01 1.893667861409796815e-01 1.397849462365591267e-01 0.000000000000000000e+00 1.135005973715651206e-02 2.897252090800477853e-01 3.303464755077658577e-01 3.094384707287933245e-01 3.094384707287933245e-01 3.082437275985663305e-01 3.118279569892473124e-01 3.046594982078852931e-01 3.040621266427718239e-01 2.658303464755077394e-01 2.741935483870967527e-01 2.962962962962962798e-01 3.058542413381122871e-01 3.183990442054958070e-01 3.166069295101553438e-01 3.172043010752688130e-01 3.124253285543608372e-01 3.178016726403823378e-01 2.933094384707287672e-01 2.939068100358422919e-01 2.956989247311828106e-01 3.022700119474313052e-01 3.034647550776582992e-01 3.058542413381122871e-01 3.004778972520907865e-01 3.058542413381122871e-01 3.201911589008363257e-01 3.524492234169653293e-01 3.279569892473118142e-01 3.291517323775388082e-01 3.333333333333333148e-01 3.076463560334528058e-01 3.172043010752688130e-01 3.530465949820788540e-01 3.381123058542413462e-01 3.530465949820788540e-01 3.524492234169653293e-01 3.034647550776582992e-01 3.052568697729988179e-01 3.387096774193548154e-01 3.369175627240143522e-01 3.440860215053763715e-01 3.488649940262843474e-01 3.620071684587813365e-01 3.608124253285543426e-01 3.584229390681003546e-01 3.596176821983273486e-01 3.524492234169653293e-01 3.410991636798088589e-01 3.554360812425328420e-01 3.632019115890083860e-01 3.458781362007168347e-01 3.888888888888888951e-01 3.733572281959378625e-01 3.721624850657108685e-01 3.894862604540023643e-01 3.864994026284349071e-01 3.870967741935483764e-01 3.894862604540023643e-01 3.853046594982078576e-01 3.823178016726404005e-01 3.936678614097968709e-01 3.775388291517323691e-01 3.596176821983273486e-01 4.205495818399044294e-01 4.235364396654719421e-01 4.217443249701314234e-01 4.097968936678614282e-01 4.062126642771803908e-01 4.038231780167264029e-01 4.002389486260454210e-01 3.954599761051373896e-01 3.924731182795698770e-01 3.614097968936678673e-01 4.050179211469533969e-01 3.996415770609318963e-01 3.954599761051373896e-01 3.996415770609318963e-01 3.990442054958183715e-01 4.038231780167264029e-01 3.990442054958183715e-01 4.056152927120669216e-01 4.074074074074073848e-01 4.074074074074073848e-01 4.127837514934288854e-01 4.121863799283154162e-01 4.002389486260454210e-01 4.091995221027479035e-01 4.181600955794504415e-01 4.157706093189963981e-01 4.151732377538829288e-01 3.870967741935483764e-01 4.014336917562724150e-01
3.452807646356033655e-01 3.500597371565113414e-01 3.339307048984468396e-01 3.524492234169653293e-01 1.893667861409796815e-01 1.385902031063321327e-01 1.135005973715651206e-02 0.000000000000000000e+00 2.885304659498207913e-01 3.321385902031063209e-01 3.118279569892473124e-01 3.106332138590203185e-01 3.082437275985663305e-01 3.142174432497013004e-01 3.058542413381122871e-01 3.046594982078852931e-01 2.640382317801672762e-01 2.789725209080047841e-01 2.980884109916367986e-01 3.064516129032258118e-01 3.183990442054958070e-01 3.154121863799282943e-01 3.160095579450418191e-01 3.118279569892473124e-01 3.183990442054958070e-01 2.939068100358422919e-01 2.927120669056152980e-01 2.951015531660692859e-01 3.004778972520907865e-01 3.010752688172043112e-01 3.040621266427718239e-01 2.968936678614098046e-01 3.064516129032258118e-01 3.219832735961768444e-01 3.512544802867383353e-01 3.279569892473118142e-01 3.297491039426523329e-01 3.339307048984468396e-01 3.070489844683392811e-01 3.154121863799282943e-01 3.518518518518518601e-01 3.369175627240143522e-01 3.536439665471923788e-01 3.506571087216248661e-01 3.028673835125448299e-01 3.046594982078852931e-01 3.393070489844683402e-01 3.369175627240143522e-01 3.458781362007168347e-01 3.512544802867383353e-01 3.614097968936678673e-01 3.602150537634408733e-01 3.578255675029868854e-01 3.608124253285543426e-01 3.542413381123058480e-01 3.434886499402628468e-01 3.572281959378733607e-01 3.667861409796893679e-01 3.482676224611708227e-01 3.894862604540023643e-01 3.745519713261648564e-01 3.721624850657108685e-01 3.888888888888888951e-01 3.876941457586619011e-01 3.859020310633213824e-01 3.894862604540023643e-01 3.841099163679808637e-01 3.847072879330943884e-01 3.942652329749103957e-01 3.757467144563918504e-01 3.637992831541218552e-01 4.205495818399044294e-01 4.241338112305854113e-01 4.199522102747909047e-01 4.097968936678614282e-01 4.074074074074073848e-01 4.032258064516128782e-01 4.050179211469533969e-01 3.936678614097968709e-01 3.906810035842294138e-01 3.608124253285543426e-01 4.026284348864994089e-01 4.002389486260454210e-01 3.960573476702509144e-01 4.002389486260454210e-01 3.966547192353643836e-01 4.038231780167264029e-01 3.990442054958183715e-01 4.050179211469533969e-01 4.097968936678614282e-01 4.062126642771803908e-01 4.127837514934288854e-01 4.133811230585424101e-01 3.996415770609318963e-01 4.091995221027479035e-01 4.193548387096774355e-01 4.151732377538829288e-01 4.151732377538829288e-01 3.870967741935483764e-01 4.002389486260454210e-01
3.518518518518518601e-01 3.572281959378733607e-01 3.536439665471923788e-01 3.560334528076463667e-01 3.154121863799282943e-01 2.891278375149343161e-01 2.897252090800477853e-01 2.885304659498207913e-01 0.000000000000000000e+00 2.718040621266427648e-01 3.154121863799282943e-01 3.112305854241337877e-01 3.040621266427718239e-01 3.124253285543608372e-01 3.070489844683392811e-01 3.046594982078852931e-01 2.688172043010752521e-01 2.801672640382317780e-01 3.064516129032258118e-01 3.052568697729988179e-01 3.154121863799282943e-01 3.225806451612903136e-01 3.267622461170848203e-01 3.291517323775388082e-01 3.237753882915173076e-01 2.789725209080047841e-01 2.771804062126642654e-01 2.855436081242532786e-01 3.082437275985663305e-01 3.118279569892473124e-01 3.052568697729988179e-01 2.974910394265232738e-01 3.046594982078852931e-01 3.339307048984468396e-01 3.649940262843488492e-01 3.345280764635603088e-01 3.363201911589008275e-01 3.381123058542413462e-01 3.351254480286738335e-01 3.267622461170848203e-01 3.739545997610513872e-01 3.494623655913978721e-01 3.536439665471923788e-01 3.620071684587813365e-01 3.172043010752688130e-01 3.178016726403823378e-01 3.369175627240143522e-01 3.345280764635603088e-01 3.847072879330943884e-01 3.721624850657108685e-01 3.787335722819593631e-01 3.775388291517323691e-01 3.751493428912783812e-01 3.823178016726404005e-01 3.655913978494623739e-01 3.614097968936678673e-01 3.709677419354838745e-01 3.942652329749103957e-01 3.733572281959378625e-01 4.056152927120669216e-01 3.924731182795698770e-01 3.906810035842294138e-01 4.133811230585424101e-01 4.091995221027479035e-01 3.912783751493428830e-01 3.888888888888888951e-01 3.918757467144564077e-01 3.882915173237753703e-01 3.972520908004779083e-01 3.805256869772998818e-01 3.829151732377538697e-01 4.354838709677419373e-01 4.354838709677419373e-01 4.324970131421744246e-01 4.253285543608124053e-01 4.080047789725209095e-01 4.097968936678614282e-01 4.289127837514934427e-01 4.157706093189963981e-01 4.145758661887694041e-01 3.918757467144564077e-01 4.235364396654719421e-01 4.307048984468339059e-01 4.313022700119474306e-01 4.235364396654719421e-01 4.068100358422939156e-01 4.127837514934288854e-01 4.121863799283154162e-01 4.151732377538829288e-01 4.217443249701314234e-01 4.145758661887694041e-01 4.247311827956989361e-01 4.151732377538829288e-01 4.091995221027479035e-01 4.205495818399044294e-01 4.127837514934288854e-01 4.139784946236559349e-01 4.139784946236559349e-01 4.062126642771803908e-01 4.157706093189963981e-01
3.697729988052568806e-01 3.817204301075268758e-01 3.811230585424134065e-01 3.739545997610513872e-01 3.470728793309438287e-01 3.315412186379928516e-01 3.303464755077658577e-01 3.321385902031063209e-01 2.718040621266427648e-01 0.000000000000000000e+00 3.560334528076463667e-01 3.578255675029868854e-01 3.440860215053763715e-01 3.470728793309438287e-01 3.428912783751493221e-01 3.446833930704898408e-01 3.219832735961768444e-01 3.249701314217443016e-01 3.387096774193548154e-01 3.327359617682198456e-01 3.518518518518518601e-01 3.387096774193548154e-01 3.422939068100358528e-01 3.434886499402628468e-01 3.440860215053763715e-01 3.183990442054958070e-01 3.160095579450418191e-01 3.225806451612903136e-01 3.357228195937873583e-01 3.393070489844683402e-01 3.219832735961768444e-01 3.279569892473118142e-01 3.309438470728793269e-01 3.578255675029868854e-01 3.853046594982078576e-01 3.614097968936678673e-01 3.626045400238948613e-01 3.602150537634408733e-01 3.637992831541218552e-01 3.584229390681003546e-01 3.918757467144564077e-01 3.859020310633213824e-01 3.948626045400239204e-01 3.936678614097968709e-01 3.673835125448028927e-01 3.679808841099163619e-01 3.673835125448028927e-01 3.643966547192353800e-01 3.888888888888888951e-01 3.763440860215053752e-01 3.709677419354838745e-01 3.763440860215053752e-01 3.811230585424134065e-01 4.074074074074073848e-01 3.823178016726404005e-01 3.775388291517323691e-01 3.727598566308243933e-01 3.978494623655913776e-01 3.817204301075268758e-01 4.283154121863799180e-01 4.109916367980884222e-01 4.103942652329748975e-01 4.187574671445639107e-01 4.223416965352449481e-01 4.074074074074073848e-01 3.972520908004779083e-01 4.026284348864994089e-01 4.026284348864994089e-01 4.157706093189963981e-01 4.056152927120669216e-01 4.074074074074073848e-01 4.342891278375149433e-01 4.420549581839904318e-01 4.420549581839904318e-01 4.414575866188769626e-01 4.313022700119474306e-01 4.289127837514934427e-01 4.474313022700119324e-01 4.133811230585424101e-01 4.157706093189963981e-01 3.912783751493428830e-01 4.342891278375149433e-01 4.289127837514934427e-01 4.366786140979689312e-01 4.223416965352449481e-01 4.259259259259259300e-01 4.307048984468339059e-01 4.241338112305854113e-01 4.307048984468339059e-01 4.313022700119474306e-01 4.259259259259259300e-01 4.330943847072879493e-01 4.253285543608124053e-01 4.402628434886499131e-01 4.396654719235364439e-01 4.372759856630824560e-01 4.342891278375149433e-01 4.348864994026284125e-01 4.151732377538829288e-01 4.211469534050178987e-01
3.661887694145758432e-01 3.709677419354838745e-01 3.691756272401433558e-01 3.697729988052568806e-01 3.273596176821983450e-01 3.100358422939067937e-01 3.094384707287933245e-01 3.118279569892473124e-01 3.154121863799282943e-01 3.560334528076463667e-01 0.000000000000000000e+00 7.646356033452807177e-02 3.154121863799282943e-01 3.088410991636797998e-01 3.118279569892473124e-01 3.112305854241337877e-01 2.837514934289127599e-01 2.933094384707287672e-01 3.273596176821983450e-01 3.351254480286738335e-01 3.387096774193548154e-01 3.446833930704898408e-01 3.476702508960573534e-01 3.452807646356033655e-01 3.464755077658303595e-01 3.243727598566308323e-01 3.178016726403823378e-01 3.183990442054958070e-01 3.381123058542413462e-01 3.405017921146953341e-01 3.393070489844683402e-01 3.446833930704898408e-01 3.482676224611708227e-01 3.655913978494623739e-01 3.835125448028673945e-01 3.739545997610513872e-01 3.721624850657108685e-01 3.763440860215053752e-01 3.566308243727598359e-01 3.470728793309438287e-01 3.835125448028673945e-01 3.703703703703703498e-01 3.870967741935483764e-01 3.882915173237753703e-01 3.387096774193548154e-01 3.393070489844683402e-01 3.584229390681003546e-01 3.602150537634408733e-01 3.757467144563918504e-01 3.775388291517323691e-01 3.799283154121863570e-01 3.799283154121863570e-01 3.906810035842294138e-01 3.864994026284349071e-01 3.787335722819593631e-01 3.775388291517323691e-01 3.733572281959378625e-01 3.870967741935483764e-01 3.757467144563918504e-01 4.109916367980884222e-01 4.014336917562724150e-01 4.002389486260454210e-01 4.187574671445639107e-01 4.193548387096774355e-01 3.990442054958183715e-01 4.014336917562724150e-01 3.984468339307049023e-01 4.050179211469533969e-01 4.175627240143369168e-01 3.888888888888888951e-01 3.918757467144564077e-01 4.295101553166069119e-01 4.330943847072879493e-01 4.372759856630824560e-01 4.330943847072879493e-01 4.181600955794504415e-01 4.151732377538829288e-01 4.253285543608124053e-01 4.169653524492233920e-01 4.139784946236559349e-01 3.912783751493428830e-01 4.271206690561529240e-01 4.360812425328554620e-01 4.199522102747909047e-01 4.277180406212664487e-01 4.163679808841099228e-01 4.211469534050178987e-01 4.247311827956989361e-01 4.229390681003584174e-01 4.223416965352449481e-01 4.259259259259259300e-01 4.247311827956989361e-01 4.265232974910393993e-01 4.259259259259259300e-01 4.175627240143369168e-01 4.187574671445639107e-01 4.199522102747909047e-01 4.205495818399044294e-01 4.050179211469533969e-01 4.229390681003584174e-01
3.643966547192353800e-01 3.709677419354838745e-01 3.649940262843488492e-01 3.643966547192353800e-01 3.178016726403823378e-01 3.076463560334528058e-01 3.094384707287933245e-01 3.106332138590203185e-01 3.112305854241337877e-01 3.578255675029868854e-01 7.646356033452807177e-02 0.000000000000000000e+00 3.100358422939067937e-01 3.046594982078852931e-01 3.076463560334528058e-01 3.070489844683392811e-01 2.694145758661887768e-01 2.849462365591398094e-01 3.261648745519713510e-01 3.339307048984468396e-01 3.381123058542413462e-01 3.416965352449223281e-01 3.452807646356033655e-01 3.422939068100358528e-01 3.440860215053763715e-01 3.183990442054958070e-01 3.100358422939067937e-01 3.130227001194743064e-01 3.333333333333333148e-01 3.387096774193548154e-01 3.345280764635603088e-01 3.369175627240143522e-01 3.440860215053763715e-01 3.643966547192353800e-01 3.763440860215053752e-01 3.620071684587813365e-01 3.596176821983273486e-01 3.643966547192353800e-01 3.596176821983273486e-01 3.405017921146953341e-01 3.751493428912783812e-01 3.673835125448028927e-01 3.799283154121863570e-01 3.841099163679808637e-01 3.315412186379928516e-01 3.309438470728793269e-01 3.560334528076463667e-01 3.524492234169653293e-01 3.775388291517323691e-01 3.823178016726404005e-01 3.733572281959378625e-01 3.697729988052568806e-01 3.811230585424134065e-01 3.835125448028673945e-01 3.751493428912783812e-01 3.697729988052568806e-01 3.745519713261648564e-01 3.924731182795698770e-01 3.751493428912783812e-01 4.091995221027479035e-01 3.942652329749103957e-01 3.966547192353643836e-01 4.169653524492233920e-01 4.199522102747909047e-01 3.906810035842294138e-01 3.930704898446834017e-01 3.894862604540023643e-01 3.954599761051373896e-01 4.193548387096774355e-01 3.793309438470728878e-01 3.888888888888888951e-01 4.265232974910393993e-01 4.289127837514934427e-01 4.378733572281959252e-01 4.324970131421744246e-01 4.193548387096774355e-01 4.133811230585424101e-01 4.313022700119474306e-01 4.103942652329748975e-01 4.091995221027479035e-01 3.996415770609318963e-01 4.277180406212664487e-01 4.330943847072879493e-01 4.217443249701314234e-01 4.265232974910393993e-01 4.187574671445639107e-01 4.217443249701314234e-01 4.271206690561529240e-01 4.205495818399044294e-01 4.211469534050178987e-01 4.217443249701314234e-01 4.265232974910393993e-01 4.181600955794504415e-01 4.259259259259259300e-01 4.151732377538829288e-01 4.121863799283154162e-01 4.115890083632018914e-01 4.127837514934288854e-01 4.062126642771803908e-01 4.187574671445639107e-01
3.721624850657108685e-01 3.751493428912783812e-01 3.667861409796893679e-01 3.673835125448028927e-01 3.040621266427718239e-01 3.106332138590203185e-01 3.082437275985663305e-01 3.082437275985663305e-01 3.040621266427718239e-01 3.440860215053763715e-01 3.154121863799282943e-01 3.100358422939067937e-01 0.000000000000000000e+00 6.630824372759856755e-02 6.690561529271206453e-02 7.168458781362006815e-02 2.646356033452807455e-01 2.801672640382317780e-01 3.201911589008363257e-01 3.160095579450418191e-01 3.375149342891278215e-01 3.303464755077658577e-01 3.351254480286738335e-01 3.303464755077658577e-01 3.369175627240143522e-01 2.992831541218637925e-01 2.897252090800477853e-01 2.891278375149343161e-01 3.255675029868578263e-01 3.327359617682198456e-01 3.225806451612903136e-01 3.183990442054958070e-01 3.291517323775388082e-01 3.393070489844683402e-01 3.715651135005973993e-01 3.482676224611708227e-01 3.476702508960573534e-01 3.470728793309438287e-01 3.416965352449223281e-01 3.410991636798088589e-01 3.853046594982078576e-01 3.560334528076463667e-01 3.554360812425328420e-01 3.620071684587813365e-01 3.279569892473118142e-01 3.291517323775388082e-01 3.661887694145758432e-01 3.637992831541218552e-01 3.733572281959378625e-01 3.745519713261648564e-01 3.685782556750298866e-01 3.673835125448028927e-01 3.715651135005973993e-01 3.763440860215053752e-01 3.643966547192353800e-01 3.643966547192353800e-01 3.673835125448028927e-01 3.900836320191158890e-01 3.655913978494623739e-01 4.103942652329748975e-01 3.936678614097968709e-01 3.888888888888888951e-01 4.050179211469533969e-01 4.050179211469533969e-01 3.990442054958183715e-01 3.978494623655913776e-01 3.990442054958183715e-01 4.014336917562724150e-01 4.044205495818399276e-01 3.793309438470728878e-01 3.805256869772998818e-01 4.223416965352449481e-01 4.271206690561529240e-01 4.372759856630824560e-01 4.324970131421744246e-01 4.121863799283154162e-01 4.121863799283154162e-01 4.133811230585424101e-01 4.080047789725209095e-01 4.032258064516128782e-01 3.876941457586619011e-01 4.139784946236559349e-01 4.169653524492233920e-01 4.115890083632018914e-01 4.026284348864994089e-01 4.038231780167264029e-01 4.086021505376344343e-01 4.050179211469533969e-01 4.008363201911588902e-01 4.068100358422939156e-01 4.115890083632018914e-01 4.318996415770609554e-01 4.187574671445639107e-01 4.115890083632018914e-01 4.229390681003584174e-01 4.330943847072879493e-01 4.211469534050178987e-01 4.229390681003584174e-01 4.109916367980884222e-01 4.283154121863799180e-01
3.661887694145758432e-01 3.739545997610513872e-01 3.685782556750298866e-01 3.685782556750298866e-01 3.082437275985663305e-01 3.130227001194743064e-01 3.118279569892473124e-01 3.142174432497013004e-01 3.124253285543608372e-01 3.470728793309438287e-01 3.088410991636797998e-01 3.046594982078852931e-01 6.630824372759856755e-02 0.000000000000000000e+00 5.615292712066905639e-02 6.093189964157706001e-02 2.670250896057347889e-01 2.813620071684587720e-01 3.166069295101553438e-01 3.225806451612903136e-01 3.321385902031063209e-01 3.297491039426523329e-01 3.351254480286738335e-01 3.297491039426523329e-01 3.357228195937873583e-01 3.022700119474313052e-01 2.951015531660692859e-01 2.897252090800477853e-01 3.291517323775388082e-01 3.369175627240143522e-01 3.243727598566308323e-01 3.160095579450418191e-01 3.279569892473118142e-01 3.327359617682198456e-01 3.685782556750298866e-01 3.470728793309438287e-01 3.476702508960573534e-01 3.452807646356033655e-01 3.434886499402628468e-01 3.405017921146953341e-01 3.829151732377538697e-01 3.560334528076463667e-01 3.655913978494623739e-01 3.679808841099163619e-01 3.279569892473118142e-01 3.291517323775388082e-01 3.685782556750298866e-01 3.667861409796893679e-01 3.745519713261648564e-01 3.745519713261648564e-01 3.751493428912783812e-01 3.745519713261648564e-01 3.721624850657108685e-01 3.835125448028673945e-01 3.667861409796893679e-01 3.649940262843488492e-01 3.655913978494623739e-01 3.900836320191158890e-01 3.620071684587813365e-01 4.068100358422939156e-01 3.972520908004779083e-01 3.924731182795698770e-01 4.103942652329748975e-01 4.068100358422939156e-01 3.996415770609318963e-01 4.014336917562724150e-01 3.978494623655913776e-01 3.978494623655913776e-01 4.044205495818399276e-01 3.835125448028673945e-01 3.882915173237753703e-01 4.199522102747909047e-01 4.318996415770609554e-01 4.330943847072879493e-01 4.259259259259259300e-01 4.097968936678614282e-01 4.103942652329748975e-01 4.133811230585424101e-01 4.139784946236559349e-01 4.080047789725209095e-01 3.900836320191158890e-01 4.199522102747909047e-01 4.187574671445639107e-01 4.181600955794504415e-01 4.080047789725209095e-01 4.091995221027479035e-01 4.091995221027479035e-01 4.056152927120669216e-01 4.032258064516128782e-01 4.062126642771803908e-01 4.133811230585424101e-01 4.307048984468339059e-01 4.187574671445639107e-01 4.127837514934288854e-01 4.187574671445639107e-01 4.265232974910393993e-01 4.181600955794504415e-01 4.241338112305854113e-01 4.097968936678614282e-01 4.265232974910393993e-01
3.626045400238948613e-01 3.721624850657108685e-01 3.643966547192353800e-01 3.673835125448028927e-01 3.136200716845878311e-01 3.118279569892473124e-01 3.046594982078852931e-01 3.058542413381122871e-01 3.070489844683392811e-01 3.428912783751493221e-01 3.118279569892473124e-01 3.076463560334528058e-01 6.690561529271206453e-02 5.615292712066905639e-02 0.000000000000000000e+00 5.077658303464754885e-02 2.676224611708482581e-01 2.807646356033453028e-01 3.178016726403823378e-01 3.178016726403823378e-01 3.321385902031063209e-01 3.303464755077658577e-01 3.345280764635603088e-01 3.309438470728793269e-01 3.363201911589008275e-01 3.010752688172043112e-01 2.921146953405017732e-01 2.897252090800477853e-01 3.237753882915173076e-01 3.285543608124253390e-01 3.207885304659497949e-01 3.172043010752688130e-01 3.219832735961768444e-01 3.399044205495818649e-01 3.715651135005973993e-01 3.458781362007168347e-01 3.464755077658303595e-01 3.470728793309438287e-01 3.369175627240143522e-01 3.351254480286738335e-01 3.787335722819593631e-01 3.548387096774193727e-01 3.626045400238948613e-01 3.661887694145758432e-01 3.285543608124253390e-01 3.285543608124253390e-01 3.608124253285543426e-01 3.608124253285543426e-01 3.727598566308243933e-01 3.793309438470728878e-01 3.709677419354838745e-01 3.721624850657108685e-01 3.739545997610513872e-01 3.775388291517323691e-01 3.667861409796893679e-01 3.655913978494623739e-01 3.608124253285543426e-01 3.876941457586619011e-01 3.673835125448028927e-01 4.062126642771803908e-01 3.888888888888888951e-01 3.864994026284349071e-01 4.032258064516128782e-01 3.996415770609318963e-01 3.966547192353643836e-01 3.960573476702509144e-01 3.936678614097968709e-01 3.990442054958183715e-01 4.026284348864994089e-01 3.847072879330943884e-01 3.859020310633213824e-01 4.175627240143369168e-01 4.307048984468339059e-01 4.342891278375149433e-01 4.259259259259259300e-01 4.080047789725209095e-01 4.091995221027479035e-01 4.127837514934288854e-01 4.121863799283154162e-01 4.068100358422939156e-01 3.847072879330943884e-01 4.193548387096774355e-01 4.193548387096774355e-01 4.127837514934288854e-01 4.080047789725209095e-01 4.121863799283154162e-01 4.109916367980884222e-01 4.014336917562724150e-01 4.026284348864994089e-01 4.056152927120669216e-01 4.115890083632018914e-01 4.313022700119474306e-01 4.217443249701314234e-01 4.163679808841099228e-01 4.199522102747909047e-01 4.301075268817204367e-01 4.193548387096774355e-01 4.229390681003584174e-01 4.127837514934288854e-01 4.229390681003584174e-01
3.626045400238948613e-01 3.745519713261648564e-01 3.643966547192353800e-01 3.643966547192353800e-01 3.076463560334528058e-01 3.106332138590203185e-01 3.040621266427718239e-01 3.046594982078852931e-01 3.046594982078852931e-01 3.446833930704898408e-01 3.112305854241337877e-01 3.070489844683392811e-01 7.168458781362006815e-02 6.093189964157706001e-02 5.077658303464754885e-02 0.000000000000000000e+00 2.676224611708482581e-01 2.783751493428912593e-01 3.201911589008363257e-01 3.195937873357228010e-01 3.309438470728793269e-01 3.309438470728793269e-01 3.357228195937873583e-01 3.315412186379928516e-01 3.381123058542413462e-01 2.998805256869773173e-01 2.879330943847072666e-01 2.879330943847072666e-01 3.261648745519713510e-01 3.357228195937873583e-01 3.178016726403823378e-01 3.172043010752688130e-01 3.225806451612903136e-01 3.393070489844683402e-01 3.697729988052568806e-01 3.482676224611708227e-01 3.488649940262843474e-01 3.476702508960573534e-01 3.327359617682198456e-01 3.327359617682198456e-01 3.811230585424134065e-01 3.572281959378733607e-01 3.614097968936678673e-01 3.673835125448028927e-01 3.249701314217443016e-01 3.261648745519713510e-01 3.626045400238948613e-01 3.620071684587813365e-01 3.703703703703703498e-01 3.733572281959378625e-01 3.697729988052568806e-01 3.709677419354838745e-01 3.733572281959378625e-01 3.745519713261648564e-01 3.626045400238948613e-01 3.626045400238948613e-01 3.649940262843488492e-01 3.912783751493428830e-01 3.685782556750298866e-01 4.115890083632018914e-01 3.930704898446834017e-01 3.870967741935483764e-01 4.020310633213858842e-01 3.990442054958183715e-01 3.930704898446834017e-01 3.936678614097968709e-01 3.918757467144564077e-01 3.918757467144564077e-01 4.032258064516128782e-01 3.823178016726404005e-01 3.859020310633213824e-01 4.175627240143369168e-01 4.301075268817204367e-01 4.318996415770609554e-01 4.199522102747909047e-01 4.115890083632018914e-01 4.109916367980884222e-01 4.175627240143369168e-01 4.109916367980884222e-01 4.038231780167264029e-01 3.841099163679808637e-01 4.193548387096774355e-01 4.163679808841099228e-01 4.097968936678614282e-01 4.050179211469533969e-01 4.080047789725209095e-01 4.127837514934288854e-01 4.062126642771803908e-01 4.074074074074073848e-01 4.103942652329748975e-01 4.157706093189963981e-01 4.265232974910393993e-01 4.247311827956989361e-01 4.193548387096774355e-01 4.205495818399044294e-01 4.354838709677419373e-01 4.247311827956989361e-01 4.277180406212664487e-01 4.199522102747909047e-01 4.283154121863799180e-01
