0.000000000000000000e+00 6.489205337993399214e-02 5.723706590466132865e-02 1.102002413151264015e-01 2.198046908149929868e-01 2.180050498795249037e-01 2.229644908544710369e-01 2.247760859381736087e-01 2.297806540979500656e-01 2.436016840319944476e-01 2.408170273676747408e-01 2.394285666193825546e-01 2.454638823816137905e-01 2.408170273676747408e-01 2.380426715530227222e-01 2.380426715530227222e-01 2.234169795559790284e-01 2.288682452262969791e-01 2.398911013241441237e-01 2.398911013241441237e-01 2.426723158833334892e-01 2.543730212151932291e-01 2.520182312116923673e-01 2.510783814646418421e-01 2.557894522310944496e-01 2.229644908544710369e-01 2.225122749830678037e-01 2.265920674549314340e-01 2.375812750450842503e-01 2.380426715530227222e-01 2.366593327040370509e-01 2.329828547538819183e-01 2.334414301273858294e-01 2.243227767675286533e-01 2.417440979430710013e-01 2.426723158833334892e-01 2.426723158833334892e-01 2.440668003259710006e-01 2.343594228980523386e-01 2.279569449926709124e-01 2.487338969046727355e-01 2.389663169899577388e-01 2.375812750450842503e-01 2.468635717458709244e-01 2.175558135678006266e-01 2.184545554368820808e-01 2.385043520846837350e-01 2.352785406601407281e-01 2.279569449926709124e-01 2.270467507062019497e-01 2.270467507062019497e-01 2.279569449926709124e-01 2.339002860609400714e-01 2.288682452262969791e-01 2.095152362589743078e-01 2.126318925694395123e-01 2.130781883279227462e-01 2.302372751166210374e-01 2.166581473924159007e-01 2.548448677233641213e-01 2.380426715530227222e-01 2.334414301273858294e-01 2.440668003259710006e-01 2.417440979430710013e-01 2.325245595975499457e-01 2.348188409828619039e-01 2.325245595975499457e-01 2.256835270652087222e-01 2.643446780761268267e-01 2.398911013241441237e-01 2.270467507062019497e-01 2.725152170685281039e-01 2.701028637504024887e-01 2.778498661358144162e-01 2.739663623132496673e-01 2.624350653321927962e-01 2.595797319341696108e-01 2.705847140721485133e-01 2.686591674432140531e-01 2.667385517969588782e-01 2.510783814646418421e-01 2.768771033535305515e-01 2.686591674432140531e-01 2.768771033535305515e-01 2.715493444302065074e-01 2.701028637504024887e-01 2.788238922467418113e-01 2.662591653952108839e-01 2.672182448097937812e-01 2.681785522393271282e-01 2.662591653952108839e-01 2.768771033535305515e-01 2.667385517969588782e-01 2.696213228028809805e-01 2.720321252643859156e-01 2.619584208928897873e-01 2.605303024036222936e-01 2.619584208928897873e-01 2.548448677233641213e-01 2.543730212151932291e-01
6.489205337993399214e-02 0.000000000000000000e+00 4.822470079140138421e-02 1.207831187600023060e-01 2.211572610643560144e-01 2.261376596858051813e-01 2.288682452262969791e-01 2.284124566981398929e-01 2.339002860609400714e-01 2.529592601933648432e-01 2.445322052431703752e-01 2.445322052431703752e-01 2.477981513060563690e-01 2.468635717458709244e-01 2.454638823816137905e-01 2.473307159528139731e-01 2.261376596858051813e-01 2.270467507062019497e-01 2.412804194120734269e-01 2.412804194120734269e-01 2.445322052431703752e-01 2.515481591185855792e-01 2.524885981132808932e-01 2.510783814646418421e-01 2.510783814646418421e-01 2.220603316129594051e-01 2.252296692601329919e-01 2.288682452262969791e-01 2.422080633151206808e-01 2.412804194120734269e-01 2.357385222752951814e-01 2.348188409828619039e-01 2.366593327040370509e-01 2.329828547538819183e-01 2.473307159528139731e-01 2.459301553217173586e-01 2.449978991420196928e-01 2.459301553217173586e-01 2.385043520846837350e-01 2.352785406601407281e-01 2.529592601933648432e-01 2.394285666193825546e-01 2.371201622116228536e-01 2.477981513060563690e-01 2.198046908149929868e-01 2.207061332312054702e-01 2.408170273676747408e-01 2.352785406601407281e-01 2.311513520122181475e-01 2.329828547538819183e-01 2.316088085680289010e-01 2.343594228980523386e-01 2.325245595975499457e-01 2.361987861743672923e-01 2.162097168857831653e-01 2.171068461793558835e-01 2.130781883279227462e-01 2.288682452262969791e-01 2.207061332312054702e-01 2.557894522310944496e-01 2.371201622116228536e-01 2.366593327040370509e-01 2.524885981132808932e-01 2.487338969046727355e-01 2.385043520846837350e-01 2.408170273676747408e-01 2.394285666193825546e-01 2.288682452262969791e-01 2.614820791811011680e-01 2.297806540979500656e-01 2.316088085680289010e-01 2.744507020136467967e-01 2.778498661358144162e-01 2.846947637119269237e-01 2.768771033535305515e-01 2.643446780761268267e-01 2.610060398125328418e-01 2.648228419431363223e-01 2.653013108588855307e-01 2.643446780761268267e-01 2.492022078783650840e-01 2.812645061805000291e-01 2.749353546961015859e-01 2.812645061805000291e-01 2.715493444302065074e-01 2.662591653952108839e-01 2.788238922467418113e-01 2.686591674432140531e-01 2.710668741659002512e-01 2.696213228028809805e-01 2.686591674432140531e-01 2.729986202434970810e-01 2.739663623132496673e-01 2.720321252643859156e-01 2.701028637504024887e-01 2.672182448097937812e-01 2.662591653952108839e-01 2.653013108588855307e-01 2.581561313802017699e-01 2.591048981101418125e-01
5.723706590466132865e-02 4.822470079140138421e-02 0.000000000000000000e+00 1.195998421537890766e-01 2.211572610643560144e-01 2.184545554368820808e-01 2.180050498795249037e-01 2.162097168857831653e-01 2.311513520122181475e-01 2.524885981132808932e-01 2.431368560034805615e-01 2.398911013241441237e-01 2.412804194120734269e-01 2.426723158833334892e-01 2.394285666193825546e-01 2.394285666193825546e-01 2.261376596858051813e-01 2.316088085680289010e-01 2.375812750450842503e-01 2.398911013241441237e-01 2.431368560034805615e-01 2.449978991420196928e-01 2.445322052431703752e-01 2.449978991420196928e-01 2.487338969046727355e-01 2.220603316129594051e-01 2.238697414169973920e-01 2.288682452262969791e-01 2.417440979430710013e-01 2.417440979430710013e-01 2.348188409828619039e-01 2.334414301273858294e-01 2.371201622116228536e-01 2.297806540979500656e-01 2.408170273676747408e-01 2.449978991420196928e-01 2.449978991420196928e-01 2.463967183227666613e-01 2.320665443161400998e-01 2.320665443161400998e-01 2.440668003259710006e-01 2.417440979430710013e-01 2.394285666193825546e-01 2.459301553217173586e-01 2.153136594315260832e-01 2.162097168857831653e-01 2.440668003259710006e-01 2.394285666193825546e-01 2.306941743083329999e-01 2.270467507062019497e-01 2.284124566981398929e-01 2.311513520122181475e-01 2.297806540979500656e-01 2.334414301273858294e-01 2.104043887045505823e-01 2.157615543388356760e-01 2.112945965241971868e-01 2.329828547538819183e-01 2.144186712584945642e-01 2.515481591185855792e-01 2.398911013241441237e-01 2.389663169899577388e-01 2.492022078783650840e-01 2.454638823816137905e-01 2.366593327040370509e-01 2.343594228980523386e-01 2.339002860609400714e-01 2.311513520122181475e-01 2.605303024036222936e-01 2.361987861743672923e-01 2.334414301273858294e-01 2.778498661358144162e-01 2.715493444302065074e-01 2.754203207653757035e-01 2.696213228028809805e-01 2.662591653952108839e-01 2.648228419431363223e-01 2.720321252643859156e-01 2.633892639341852138e-01 2.605303024036222936e-01 2.482658781687364646e-01 2.783367210701450656e-01 2.720321252643859156e-01 2.725152170685281039e-01 2.643446780761268267e-01 2.672182448097937812e-01 2.783367210701450656e-01 2.619584208928897873e-01 2.676982448261777670e-01 2.643446780761268267e-01 2.643446780761268267e-01 2.788238922467418113e-01 2.710668741659002512e-01 2.676982448261777670e-01 2.710668741659002512e-01 2.638668188691358774e-01 2.624350653321927962e-01 2.610060398125328418e-01 2.506088978812362478e-01 2.567352278923654141e-01
1.102002413151264015e-01 1.207831187600023060e-01 1.195998421537890766e-01 0.000000000000000000e+00 2.157615543388356760e-01 2.234169795559790284e-01 2.275017097738384342e-01 2.302372751166210374e-01 2.329828547538819183e-01 2.468635717458709244e-01 2.436016840319944476e-01 2.394285666193825546e-01 2.417440979430710013e-01 2.426723158833334892e-01 2.417440979430710013e-01 2.394285666193825546e-01 2.243227767675286533e-01 2.288682452262969791e-01 2.357385222752951814e-01 2.412804194120734269e-01 2.431368560034805615e-01 2.482658781687364646e-01 2.539014713725610273e-01 2.496708114549967272e-01 2.529592601933648432e-01 2.284124566981398929e-01 2.252296692601329919e-01 2.306941743083329999e-01 2.403539214560788118e-01 2.408170273676747408e-01 2.412804194120734269e-01 2.371201622116228536e-01 2.385043520846837350e-01 2.311513520122181475e-01 2.482658781687364646e-01 2.454638823816137905e-01 2.431368560034805615e-01 2.440668003259710006e-01 2.348188409828619039e-01 2.334414301273858294e-01 2.459301553217173586e-01 2.366593327040370509e-01 2.463967183227666613e-01 2.487338969046727355e-01 2.306941743083329999e-01 2.316088085680289010e-01 2.343594228980523386e-01 2.334414301273858294e-01 2.320665443161400998e-01 2.261376596858051813e-01 2.261376596858051813e-01 2.284124566981398929e-01 2.325245595975499457e-01 2.270467507062019497e-01 2.144186712584945642e-01 2.117400969827966661e-01 2.139715773555376233e-01 2.375812750450842503e-01 2.243227767675286533e-01 2.506088978812362478e-01 2.334414301273858294e-01 2.394285666193825546e-01 2.506088978812362478e-01 2.477981513060563690e-01 2.380426715530227222e-01 2.408170273676747408e-01 2.398911013241441237e-01 2.348188409828619039e-01 2.633892639341852138e-01 2.422080633151206808e-01 2.325245595975499457e-01 2.667385517969588782e-01 2.696213228028809805e-01 2.729986202434970810e-01 2.734823351909319578e-01 2.595797319341696108e-01 2.600548665715364804e-01 2.643446780761268267e-01 2.633892639341852138e-01 2.629120128840372606e-01 2.371201622116228536e-01 2.788238922467418113e-01 2.643446780761268267e-01 2.681785522393271282e-01 2.710668741659002512e-01 2.681785522393271282e-01 2.744507020136467967e-01 2.672182448097937812e-01 2.710668741659002512e-01 2.744507020136467967e-01 2.691400908325686792e-01 2.701028637504024887e-01 2.662591653952108839e-01 2.734823351909319578e-01 2.696213228028809805e-01 2.633892639341852138e-01 2.676982448261777670e-01 2.648228419431363223e-01 2.445322052431703752e-01 2.572085633451227649e-01
2.198046908149929868e-01 2.211572610643560144e-01 2.211572610643560144e-01 2.157615543388356760e-01 0.000000000000000000e+00 1.013015039575567988e-01 1.148853164148414263e-01 1.148853164148414263e-01 2.024397120839553921e-01 2.261376596858051813e-01 2.112945965241971868e-01 2.042023450926705452e-01 1.941233152299540188e-01 1.971765325899704768e-01 2.011204505300707157e-01 1.967395969527945543e-01 1.824616924377313321e-01 1.846076166485055015e-01 2.028799821288849170e-01 2.046436513719522288e-01 2.171068461793558835e-01 2.117400969827966661e-01 2.135247498177454961e-01 2.117400969827966661e-01 2.042023450926705452e-01 1.949943954672465618e-01 1.928185888933711678e-01 1.919500306029004733e-01 2.135247498177454961e-01 2.121858622262310923e-01 2.081834809519659268e-01 2.055270437002313932e-01 2.121858622262310923e-01 2.055270437002313932e-01 2.334414301273858294e-01 2.252296692601329919e-01 2.234169795559790284e-01 2.229644908544710369e-01 2.072969560260496946e-01 2.117400969827966661e-01 2.445322052431703752e-01 2.329828547538819183e-01 2.417440979430710013e-01 2.394285666193825546e-01 1.967395969527945543e-01 1.971765325899704768e-01 2.202552765900357978e-01 2.171068461793558835e-01 2.371201622116228536e-01 2.371201622116228536e-01 2.385043520846837350e-01 2.366593327040370509e-01 2.352785406601407281e-01 2.463967183227666613e-01 2.311513520122181475e-01 2.297806540979500656e-01 2.334414301273858294e-01 2.436016840319944476e-01 2.275017097738384342e-01 2.739663623132496673e-01 2.524885981132808932e-01 2.496708114549967272e-01 2.633892639341852138e-01 2.643446780761268267e-01 2.662591653952108839e-01 2.657800852128398006e-01 2.676982448261777670e-01 2.638668188691358774e-01 2.802873073451880304e-01 2.468635717458709244e-01 2.417440979430710013e-01 2.861696904409574138e-01 2.851860837425994610e-01 2.950806863560219151e-01 2.837130881791044557e-01 2.725152170685281039e-01 2.667385517969588782e-01 2.739663623132496673e-01 2.739663623132496673e-01 2.754203207653757035e-01 2.510783814646418421e-01 2.861696904409574138e-01 2.749353546961015859e-01 2.754203207653757035e-01 2.734823351909319578e-01 2.729986202434970810e-01 2.749353546961015859e-01 2.715493444302065074e-01 2.667385517969588782e-01 2.710668741659002512e-01 2.667385517969588782e-01 2.812645061805000291e-01 2.842037653310517942e-01 2.807757476099280725e-01 2.861696904409574138e-01 2.842037653310517942e-01 2.837130881791044557e-01 2.783367210701450656e-01 2.638668188691358774e-01 2.744507020136467967e-01
2.180050498795249037e-01 2.261376596858051813e-01 2.184545554368820808e-01 2.234169795559790284e-01 1.013015039575567988e-01 0.000000000000000000e+00 8.306352321952706341e-02 8.231314796933938971e-02 1.833193254642905834e-01 2.144186712584945642e-01 1.984888688828112535e-01 1.967395969527945543e-01 1.989268250996355791e-01 2.006812118645147358e-01 1.998035055033720031e-01 1.989268250996355791e-01 1.638377106618451318e-01 1.663502758258066372e-01 1.880539179450724796e-01 1.902159257841157525e-01 1.967395969527945543e-01 2.033205107759115393e-01 2.055270437002313932e-01 2.028799821288849170e-01 2.002422302892079564e-01 1.824616924377313321e-01 1.747868102277095881e-01 1.811770789349753663e-01 1.976137229258709271e-01 1.976137229258709271e-01 1.963029157177506590e-01 1.893503746205358051e-01 1.989268250996355791e-01 2.011204505300707157e-01 2.202552765900357978e-01 2.171068461793558835e-01 2.180050498795249037e-01 2.175558135678006266e-01 2.037612983290048585e-01 2.081834809519659268e-01 2.389663169899577388e-01 2.193543755808100848e-01 2.297806540979500656e-01 2.279569449926709124e-01 1.910824770070326806e-01 1.919500306029004733e-01 2.104043887045505823e-01 2.104043887045505823e-01 2.279569449926709124e-01 2.297806540979500656e-01 2.361987861743672923e-01 2.334414301273858294e-01 2.279569449926709124e-01 2.403539214560788118e-01 2.375812750450842503e-01 2.297806540979500656e-01 2.311513520122181475e-01 2.449978991420196928e-01 2.334414301273858294e-01 2.681785522393271282e-01 2.463967183227666613e-01 2.477981513060563690e-01 2.629120128840372606e-01 2.610060398125328418e-01 2.524885981132808932e-01 2.567352278923654141e-01 2.524885981132808932e-01 2.557894522310944496e-01 2.691400908325686792e-01 2.515481591185855792e-01 2.422080633151206808e-01 2.783367210701450656e-01 2.876475234314315732e-01 2.842037653310517942e-01 2.797991849719542734e-01 2.720321252643859156e-01 2.681785522393271282e-01 2.783367210701450656e-01 2.696213228028809805e-01 2.696213228028809805e-01 2.454638823816137905e-01 2.837130881791044557e-01 2.734823351909319578e-01 2.734823351909319578e-01 2.701028637504024887e-01 2.739663623132496673e-01 2.715493444302065074e-01 2.720321252643859156e-01 2.778498661358144162e-01 2.773633270334450174e-01 2.773633270334450174e-01 2.734823351909319578e-01 2.759056006270168560e-01 2.768771033535305515e-01 2.773633270334450174e-01 2.822429799004987361e-01 2.837130881791044557e-01 2.837130881791044557e-01 2.614820791811011680e-01 2.653013108588855307e-01
2.229644908544710369e-01 2.288682452262969791e-01 2.180050498795249037e-01 2.275017097738384342e-01 1.148853164148414263e-01 8.306352321952706341e-02 0.000000000000000000e+00 6.411737587613889656e-03 1.837485100253588022e-01 2.135247498177454961e-01 1.980511682576072685e-01 1.980511682576072685e-01 1.971765325899704768e-01 1.998035055033720031e-01 1.945587288851440833e-01 1.941233152299540188e-01 1.667698562563301456e-01 1.726687630702452847e-01 1.884858212106795272e-01 1.954303152702770996e-01 2.046436513719522288e-01 2.033205107759115393e-01 2.037612983290048585e-01 2.002422302892079564e-01 2.042023450926705452e-01 1.863287877997594488e-01 1.867596984694701590e-01 1.880539179450724796e-01 1.928185888933711678e-01 1.936881542081723140e-01 1.954303152702770996e-01 1.915161283634333467e-01 1.954303152702770996e-01 2.059691303620148073e-01 2.302372751166210374e-01 2.117400969827966661e-01 2.126318925694395123e-01 2.157615543388356760e-01 1.967395969527945543e-01 2.037612983290048585e-01 2.306941743083329999e-01 2.193543755808100848e-01 2.306941743083329999e-01 2.302372751166210374e-01 1.936881542081723140e-01 1.949943954672465618e-01 2.198046908149929868e-01 2.184545554368820808e-01 2.238697414169973920e-01 2.275017097738384342e-01 2.375812750450842503e-01 2.366593327040370509e-01 2.348188409828619039e-01 2.357385222752951814e-01 2.302372751166210374e-01 2.216086604159299700e-01 2.325245595975499457e-01 2.385043520846837350e-01 2.252296692601329919e-01 2.586303647187972454e-01 2.463967183227666613e-01 2.454638823816137905e-01 2.591048981101418125e-01 2.567352278923654141e-01 2.572085633451227649e-01 2.591048981101418125e-01 2.557894522310944496e-01 2.534302178226549573e-01 2.624350653321927962e-01 2.496708114549967272e-01 2.357385222752951814e-01 2.842037653310517942e-01 2.866619779545298563e-01 2.851860837425994610e-01 2.754203207653757035e-01 2.725152170685281039e-01 2.705847140721485133e-01 2.676982448261777670e-01 2.638668188691358774e-01 2.614820791811011680e-01 2.371201622116228536e-01 2.715493444302065074e-01 2.672182448097937812e-01 2.638668188691358774e-01 2.672182448097937812e-01 2.667385517969588782e-01 2.705847140721485133e-01 2.667385517969588782e-01 2.720321252643859156e-01 2.734823351909319578e-01 2.734823351909319578e-01 2.778498661358144162e-01 2.773633270334450174e-01 2.676982448261777670e-01 2.749353546961015859e-01 2.822429799004987361e-01 2.802873073451880304e-01 2.797991849719542734e-01 2.572085633451227649e-01 2.686591674432140531e-01
2.247760859381736087e-01 2.284124566981398929e-01 2.162097168857831653e-01 2.302372751166210374e-01 1.148853164148414263e-01 8.231314796933938971e-02 6.411737587613889656e-03 0.000000000000000000e+00 1.828903863619496528e-01 2.148660318443798567e-01 1.998035055033720031e-01 1.989268250996355791e-01 1.971765325899704768e-01 2.015599465871827922e-01 1.954303152702770996e-01 1.945587288851440833e-01 1.655118184998006781e-01 1.760605156003532956e-01 1.897830253391966093e-01 1.958664885887642093e-01 2.046436513719522288e-01 2.024397120839553921e-01 2.028799821288849170e-01 1.998035055033720031e-01 2.046436513719522288e-01 1.867596984694701590e-01 1.858981245665650706e-01 1.876222632568980975e-01 1.915161283634333467e-01 1.919500306029004733e-01 1.941233152299540188e-01 1.889179733401815664e-01 1.958664885887642093e-01 2.072969560260496946e-01 2.293243109138072278e-01 2.117400969827966661e-01 2.130781883279227462e-01 2.162097168857831653e-01 1.963029157177506590e-01 2.024397120839553921e-01 2.297806540979500656e-01 2.184545554368820808e-01 2.311513520122181475e-01 2.288682452262969791e-01 1.932532455268060889e-01 1.945587288851440833e-01 2.202552765900357978e-01 2.184545554368820808e-01 2.252296692601329919e-01 2.293243109138072278e-01 2.371201622116228536e-01 2.361987861743672923e-01 2.343594228980523386e-01 2.366593327040370509e-01 2.316088085680289010e-01 2.234169795559790284e-01 2.339002860609400714e-01 2.412804194120734269e-01 2.270467507062019497e-01 2.591048981101418125e-01 2.473307159528139731e-01 2.454638823816137905e-01 2.586303647187972454e-01 2.576821977151419474e-01 2.562621909798062370e-01 2.591048981101418125e-01 2.548448677233641213e-01 2.553170112705904216e-01 2.629120128840372606e-01 2.482658781687364646e-01 2.389663169899577388e-01 2.842037653310517942e-01 2.871545888096778132e-01 2.837130881791044557e-01 2.754203207653757035e-01 2.734823351909319578e-01 2.701028637504024887e-01 2.715493444302065074e-01 2.624350653321927962e-01 2.600548665715364804e-01 2.366593327040370509e-01 2.696213228028809805e-01 2.676982448261777670e-01 2.643446780761268267e-01 2.676982448261777670e-01 2.648228419431363223e-01 2.705847140721485133e-01 2.667385517969588782e-01 2.715493444302065074e-01 2.754203207653757035e-01 2.725152170685281039e-01 2.778498661358144162e-01 2.783367210701450656e-01 2.672182448097937812e-01 2.749353546961015859e-01 2.832227318360402424e-01 2.797991849719542734e-01 2.797991849719542734e-01 2.572085633451227649e-01 2.676982448261777670e-01
2.297806540979500656e-01 2.339002860609400714e-01 2.311513520122181475e-01 2.329828547538819183e-01 2.024397120839553921e-01 1.833193254642905834e-01 1.837485100253588022e-01 1.828903863619496528e-01 0.000000000000000000e+00 1.709786215099126372e-01 2.024397120839553921e-01 1.993650372067560794e-01 1.941233152299540188e-01 2.002422302892079564e-01 1.963029157177506590e-01 1.945587288851440833e-01 1.688712866028352355e-01 1.769108558274984921e-01 1.958664885887642093e-01 1.949943954672465618e-01 2.024397120839553921e-01 2.077400875012747061e-01 2.108493605360545475e-01 2.126318925694395123e-01 2.086271366880617373e-01 1.760605156003532956e-01 1.747868102277095881e-01 1.807493629268049073e-01 1.971765325899704768e-01 1.998035055033720031e-01 1.949943954672465618e-01 1.893503746205358051e-01 1.945587288851440833e-01 2.162097168857831653e-01 2.398911013241441237e-01 2.166581473924159007e-01 2.180050498795249037e-01 2.193543755808100848e-01 2.171068461793558835e-01 2.108493605360545475e-01 2.468635717458709244e-01 2.279569449926709124e-01 2.311513520122181475e-01 2.375812750450842503e-01 2.037612983290048585e-01 2.042023450926705452e-01 2.184545554368820808e-01 2.166581473924159007e-01 2.553170112705904216e-01 2.454638823816137905e-01 2.506088978812362478e-01 2.496708114549967272e-01 2.477981513060563690e-01 2.534302178226549573e-01 2.403539214560788118e-01 2.371201622116228536e-01 2.445322052431703752e-01 2.629120128840372606e-01 2.463967183227666613e-01 2.720321252643859156e-01 2.614820791811011680e-01 2.600548665715364804e-01 2.783367210701450656e-01 2.749353546961015859e-01 2.605303024036222936e-01 2.586303647187972454e-01 2.610060398125328418e-01 2.581561313802017699e-01 2.653013108588855307e-01 2.520182312116923673e-01 2.539014713725610273e-01 2.965762003111703793e-01 2.965762003111703793e-01 2.940853311999751529e-01 2.881407822456596435e-01 2.739663623132496673e-01 2.754203207653757035e-01 2.911071671278556150e-01 2.802873073451880304e-01 2.793113800767092481e-01 2.610060398125328418e-01 2.866619779545298563e-01 2.925947709213465031e-01 2.930912952691737683e-01 2.866619779545298563e-01 2.729986202434970810e-01 2.778498661358144162e-01 2.773633270334450174e-01 2.797991849719542734e-01 2.851860837425994610e-01 2.793113800767092481e-01 2.876475234314315732e-01 2.797991849719542734e-01 2.749353546961015859e-01 2.842037653310517942e-01 2.778498661358144162e-01 2.788238922467418113e-01 2.788238922467418113e-01 2.725152170685281039e-01 2.802873073451880304e-01
2.436016840319944476e-01 2.529592601933648432e-01 2.524885981132808932e-01 2.468635717458709244e-01 2.261376596858051813e-01 2.144186712584945642e-01 2.135247498177454961e-01 2.148660318443798567e-01 1.709786215099126372e-01 0.000000000000000000e+00 2.329828547538819183e-01 2.343594228980523386e-01 2.238697414169973920e-01 2.261376596858051813e-01 2.229644908544710369e-01 2.243227767675286533e-01 2.072969560260496946e-01 2.095152362589743078e-01 2.198046908149929868e-01 2.153136594315260832e-01 2.297806540979500656e-01 2.198046908149929868e-01 2.225122749830678037e-01 2.234169795559790284e-01 2.238697414169973920e-01 2.046436513719522288e-01 2.028799821288849170e-01 2.077400875012747061e-01 2.175558135678006266e-01 2.202552765900357978e-01 2.072969560260496946e-01 2.117400969827966661e-01 2.139715773555376233e-01 2.343594228980523386e-01 2.557894522310944496e-01 2.371201622116228536e-01 2.380426715530227222e-01 2.361987861743672923e-01 2.389663169899577388e-01 2.348188409828619039e-01 2.610060398125328418e-01 2.562621909798062370e-01 2.633892639341852138e-01 2.624350653321927962e-01 2.417440979430710013e-01 2.422080633151206808e-01 2.417440979430710013e-01 2.394285666193825546e-01 2.586303647187972454e-01 2.487338969046727355e-01 2.445322052431703752e-01 2.487338969046727355e-01 2.524885981132808932e-01 2.734823351909319578e-01 2.534302178226549573e-01 2.496708114549967272e-01 2.459301553217173586e-01 2.657800852128398006e-01 2.529592601933648432e-01 2.906119541682991025e-01 2.763911946873600645e-01 2.759056006270168560e-01 2.827326958826383296e-01 2.856777258447671386e-01 2.734823351909319578e-01 2.653013108588855307e-01 2.696213228028809805e-01 2.696213228028809805e-01 2.802873073451880304e-01 2.720321252643859156e-01 2.734823351909319578e-01 2.955788597386690975e-01 3.020854070531216462e-01 3.020854070531216462e-01 3.015828944715083781e-01 2.930912952691737683e-01 2.911071671278556150e-01 3.066232360224520614e-01 2.783367210701450656e-01 2.802873073451880304e-01 2.605303024036222936e-01 2.955788597386690975e-01 2.911071671278556150e-01 2.975748689008046455e-01 2.856777258447671386e-01 2.886343656790715251e-01 2.925947709213465031e-01 2.871545888096778132e-01 2.925947709213465031e-01 2.930912952691737683e-01 2.886343656790715251e-01 2.945828436560295471e-01 2.881407822456596435e-01 3.005788782573110551e-01 3.000773737250842510e-01 2.980747023081750102e-01 2.955788597386690975e-01 2.960773642435624020e-01 2.797991849719542734e-01 2.846947637119269237e-01
2.408170273676747408e-01 2.445322052431703752e-01 2.431368560034805615e-01 2.436016840319944476e-01 2.112945965241971868e-01 1.984888688828112535e-01 1.980511682576072685e-01 1.998035055033720031e-01 2.024397120839553921e-01 2.329828547538819183e-01 0.000000000000000000e+00 4.429331223270079748e-02 2.024397120839553921e-01 1.976137229258709271e-01 1.998035055033720031e-01 1.993650372067560794e-01 1.794676764855782647e-01 1.863287877997594488e-01 2.112945965241971868e-01 2.171068461793558835e-01 2.198046908149929868e-01 2.243227767675286533e-01 2.265920674549314340e-01 2.247760859381736087e-01 2.256835270652087222e-01 2.090710550200511331e-01 2.042023450926705452e-01 2.046436513719522288e-01 2.193543755808100848e-01 2.211572610643560144e-01 2.202552765900357978e-01 2.243227767675286533e-01 2.270467507062019497e-01 2.403539214560788118e-01 2.543730212151932291e-01 2.468635717458709244e-01 2.454638823816137905e-01 2.487338969046727355e-01 2.334414301273858294e-01 2.261376596858051813e-01 2.543730212151932291e-01 2.440668003259710006e-01 2.572085633451227649e-01 2.581561313802017699e-01 2.198046908149929868e-01 2.202552765900357978e-01 2.348188409828619039e-01 2.361987861743672923e-01 2.482658781687364646e-01 2.496708114549967272e-01 2.515481591185855792e-01 2.515481591185855792e-01 2.600548665715364804e-01 2.567352278923654141e-01 2.506088978812362478e-01 2.496708114549967272e-01 2.463967183227666613e-01 2.572085633451227649e-01 2.482658781687364646e-01 2.763911946873600645e-01 2.686591674432140531e-01 2.676982448261777670e-01 2.827326958826383296e-01 2.832227318360402424e-01 2.667385517969588782e-01 2.686591674432140531e-01 2.662591653952108839e-01 2.715493444302065074e-01 2.817535834720406029e-01 2.586303647187972454e-01 2.610060398125328418e-01 2.916027072846342216e-01 2.945828436560295471e-01 2.980747023081750102e-01 2.945828436560295471e-01 2.822429799004987361e-01 2.797991849719542734e-01 2.881407822456596435e-01 2.812645061805000291e-01 2.788238922467418113e-01 2.605303024036222936e-01 2.896225081145020197e-01 2.970753683828411540e-01 2.837130881791044557e-01 2.901170679741634228e-01 2.807757476099280725e-01 2.846947637119269237e-01 2.876475234314315732e-01 2.861696904409574138e-01 2.856777258447671386e-01 2.886343656790715251e-01 2.876475234314315732e-01 2.891282741592196559e-01 2.886343656790715251e-01 2.817535834720406029e-01 2.827326958826383296e-01 2.837130881791044557e-01 2.842037653310517942e-01 2.715493444302065074e-01 2.861696904409574138e-01
2.394285666193825546e-01 2.445322052431703752e-01 2.398911013241441237e-01 2.394285666193825546e-01 2.042023450926705452e-01 1.967395969527945543e-01 1.980511682576072685e-01 1.989268250996355791e-01 1.993650372067560794e-01 2.343594228980523386e-01 4.429331223270079748e-02 0.000000000000000000e+00 1.984888688828112535e-01 1.945587288851440833e-01 1.967395969527945543e-01 1.963029157177506590e-01 1.692922801586549397e-01 1.803218907009265515e-01 2.104043887045505823e-01 2.162097168857831653e-01 2.193543755808100848e-01 2.220603316129594051e-01 2.247760859381736087e-01 2.225122749830678037e-01 2.238697414169973920e-01 2.046436513719522288e-01 1.984888688828112535e-01 2.006812118645147358e-01 2.157615543388356760e-01 2.198046908149929868e-01 2.166581473924159007e-01 2.184545554368820808e-01 2.238697414169973920e-01 2.394285666193825546e-01 2.487338969046727355e-01 2.375812750450842503e-01 2.357385222752951814e-01 2.394285666193825546e-01 2.357385222752951814e-01 2.211572610643560144e-01 2.477981513060563690e-01 2.417440979430710013e-01 2.515481591185855792e-01 2.548448677233641213e-01 2.144186712584945642e-01 2.139715773555376233e-01 2.329828547538819183e-01 2.302372751166210374e-01 2.496708114549967272e-01 2.534302178226549573e-01 2.463967183227666613e-01 2.436016840319944476e-01 2.524885981132808932e-01 2.543730212151932291e-01 2.477981513060563690e-01 2.436016840319944476e-01 2.473307159528139731e-01 2.614820791811011680e-01 2.477981513060563690e-01 2.749353546961015859e-01 2.629120128840372606e-01 2.648228419431363223e-01 2.812645061805000291e-01 2.837130881791044557e-01 2.600548665715364804e-01 2.619584208928897873e-01 2.591048981101418125e-01 2.638668188691358774e-01 2.832227318360402424e-01 2.510783814646418421e-01 2.586303647187972454e-01 2.891282741592196559e-01 2.911071671278556150e-01 2.985748690489528623e-01 2.940853311999751529e-01 2.832227318360402424e-01 2.783367210701450656e-01 2.930912952691737683e-01 2.759056006270168560e-01 2.749353546961015859e-01 2.672182448097937812e-01 2.901170679741634228e-01 2.945828436560295471e-01 2.851860837425994610e-01 2.891282741592196559e-01 2.827326958826383296e-01 2.851860837425994610e-01 2.896225081145020197e-01 2.842037653310517942e-01 2.846947637119269237e-01 2.851860837425994610e-01 2.891282741592196559e-01 2.822429799004987361e-01 2.886343656790715251e-01 2.797991849719542734e-01 2.773633270334450174e-01 2.768771033535305515e-01 2.778498661358144162e-01 2.725152170685281039e-01 2.827326958826383296e-01
2.454638823816137905e-01 2.477981513060563690e-01 2.412804194120734269e-01 2.417440979430710013e-01 1.941233152299540188e-01 1.989268250996355791e-01 1.971765325899704768e-01 1.971765325899704768e-01 1.941233152299540188e-01 2.238697414169973920e-01 2.024397120839553921e-01 1.984888688828112535e-01 0.000000000000000000e+00 3.825777670238929978e-02 3.861146687635758773e-02 4.144700900628706108e-02 1.659309299943617644e-01 1.769108558274984921e-01 2.059691303620148073e-01 2.028799821288849170e-01 2.189043305628056435e-01 2.135247498177454961e-01 2.171068461793558835e-01 2.135247498177454961e-01 2.184545554368820808e-01 1.906490762437442477e-01 1.837485100253588022e-01 1.833193254642905834e-01 2.099596807164249568e-01 2.153136594315260832e-01 2.077400875012747061e-01 2.046436513719522288e-01 2.126318925694395123e-01 2.202552765900357978e-01 2.449978991420196928e-01 2.270467507062019497e-01 2.265920674549314340e-01 2.261376596858051813e-01 2.220603316129594051e-01 2.216086604159299700e-01 2.557894522310944496e-01 2.329828547538819183e-01 2.325245595975499457e-01 2.375812750450842503e-01 2.117400969827966661e-01 2.126318925694395123e-01 2.408170273676747408e-01 2.389663169899577388e-01 2.463967183227666613e-01 2.473307159528139731e-01 2.426723158833334892e-01 2.417440979430710013e-01 2.449978991420196928e-01 2.487338969046727355e-01 2.394285666193825546e-01 2.394285666193825546e-01 2.417440979430710013e-01 2.595797319341696108e-01 2.403539214560788118e-01 2.759056006270168560e-01 2.624350653321927962e-01 2.586303647187972454e-01 2.715493444302065074e-01 2.715493444302065074e-01 2.667385517969588782e-01 2.657800852128398006e-01 2.667385517969588782e-01 2.686591674432140531e-01 2.710668741659002512e-01 2.510783814646418421e-01 2.520182312116923673e-01 2.856777258447671386e-01 2.896225081145020197e-01 2.980747023081750102e-01 2.940853311999751529e-01 2.773633270334450174e-01 2.773633270334450174e-01 2.783367210701450656e-01 2.739663623132496673e-01 2.701028637504024887e-01 2.576821977151419474e-01 2.788238922467418113e-01 2.812645061805000291e-01 2.768771033535305515e-01 2.696213228028809805e-01 2.705847140721485133e-01 2.744507020136467967e-01 2.715493444302065074e-01 2.681785522393271282e-01 2.729986202434970810e-01 2.768771033535305515e-01 2.935881485500145271e-01 2.827326958826383296e-01 2.768771033535305515e-01 2.861696904409574138e-01 2.945828436560295471e-01 2.846947637119269237e-01 2.861696904409574138e-01 2.763911946873600645e-01 2.906119541682991025e-01
2.408170273676747408e-01 2.468635717458709244e-01 2.426723158833334892e-01 2.426723158833334892e-01 1.971765325899704768e-01 2.006812118645147358e-01 1.998035055033720031e-01 2.015599465871827922e-01 2.002422302892079564e-01 2.261376596858051813e-01 1.976137229258709271e-01 1.945587288851440833e-01 3.825777670238929978e-02 0.000000000000000000e+00 3.227042393715829488e-02 3.508204859829804068e-02 1.676097219655965087e-01 1.777621612537465812e-01 2.033205107759115393e-01 2.077400875012747061e-01 2.148660318443798567e-01 2.130781883279227462e-01 2.171068461793558835e-01 2.130781883279227462e-01 2.175558135678006266e-01 1.928185888933711678e-01 1.876222632568980975e-01 1.837485100253588022e-01 2.126318925694395123e-01 2.184545554368820808e-01 2.090710550200511331e-01 2.028799821288849170e-01 2.117400969827966661e-01 2.153136594315260832e-01 2.426723158833334892e-01 2.261376596858051813e-01 2.265920674549314340e-01 2.247760859381736087e-01 2.234169795559790284e-01 2.211572610643560144e-01 2.539014713725610273e-01 2.329828547538819183e-01 2.403539214560788118e-01 2.422080633151206808e-01 2.117400969827966661e-01 2.126318925694395123e-01 2.426723158833334892e-01 2.412804194120734269e-01 2.473307159528139731e-01 2.473307159528139731e-01 2.477981513060563690e-01 2.473307159528139731e-01 2.454638823816137905e-01 2.543730212151932291e-01 2.412804194120734269e-01 2.398911013241441237e-01 2.403539214560788118e-01 2.595797319341696108e-01 2.375812750450842503e-01 2.729986202434970810e-01 2.653013108588855307e-01 2.614820791811011680e-01 2.759056006270168560e-01 2.729986202434970810e-01 2.672182448097937812e-01 2.686591674432140531e-01 2.657800852128398006e-01 2.657800852128398006e-01 2.710668741659002512e-01 2.543730212151932291e-01 2.581561313802017699e-01 2.837130881791044557e-01 2.935881485500145271e-01 2.945828436560295471e-01 2.886343656790715251e-01 2.754203207653757035e-01 2.759056006270168560e-01 2.783367210701450656e-01 2.788238922467418113e-01 2.739663623132496673e-01 2.595797319341696108e-01 2.837130881791044557e-01 2.827326958826383296e-01 2.822429799004987361e-01 2.739663623132496673e-01 2.749353546961015859e-01 2.749353546961015859e-01 2.720321252643859156e-01 2.701028637504024887e-01 2.725152170685281039e-01 2.783367210701450656e-01 2.925947709213465031e-01 2.827326958826383296e-01 2.778498661358144162e-01 2.827326958826383296e-01 2.891282741592196559e-01 2.822429799004987361e-01 2.871545888096778132e-01 2.754203207653757035e-01 2.891282741592196559e-01
2.380426715530227222e-01 2.454638823816137905e-01 2.394285666193825546e-01 2.417440979430710013e-01 2.011204505300707157e-01 1.998035055033720031e-01 1.945587288851440833e-01 1.954303152702770996e-01 1.963029157177506590e-01 2.229644908544710369e-01 1.998035055033720031e-01 1.967395969527945543e-01 3.861146687635758773e-02 3.227042393715829488e-02 0.000000000000000000e+00 2.911989421681542706e-02 1.680300077709351581e-01 1.773363877538075006e-01 2.042023450926705452e-01 2.042023450926705452e-01 2.148660318443798567e-01 2.135247498177454961e-01 2.166581473924159007e-01 2.139715773555376233e-01 2.180050498795249037e-01 1.919500306029004733e-01 1.854677084858855074e-01 1.837485100253588022e-01 2.086271366880617373e-01 2.121858622262310923e-01 2.064114777649881938e-01 2.037612983290048585e-01 2.072969560260496946e-01 2.207061332312054702e-01 2.449978991420196928e-01 2.252296692601329919e-01 2.256835270652087222e-01 2.261376596858051813e-01 2.184545554368820808e-01 2.171068461793558835e-01 2.506088978812362478e-01 2.320665443161400998e-01 2.380426715530227222e-01 2.408170273676747408e-01 2.121858622262310923e-01 2.121858622262310923e-01 2.366593327040370509e-01 2.366593327040370509e-01 2.459301553217173586e-01 2.510783814646418421e-01 2.445322052431703752e-01 2.454638823816137905e-01 2.468635717458709244e-01 2.496708114549967272e-01 2.412804194120734269e-01 2.403539214560788118e-01 2.366593327040370509e-01 2.576821977151419474e-01 2.417440979430710013e-01 2.725152170685281039e-01 2.586303647187972454e-01 2.567352278923654141e-01 2.701028637504024887e-01 2.672182448097937812e-01 2.648228419431363223e-01 2.643446780761268267e-01 2.624350653321927962e-01 2.667385517969588782e-01 2.696213228028809805e-01 2.553170112705904216e-01 2.562621909798062370e-01 2.817535834720406029e-01 2.925947709213465031e-01 2.955788597386690975e-01 2.886343656790715251e-01 2.739663623132496673e-01 2.749353546961015859e-01 2.778498661358144162e-01 2.773633270334450174e-01 2.729986202434970810e-01 2.553170112705904216e-01 2.832227318360402424e-01 2.832227318360402424e-01 2.778498661358144162e-01 2.739663623132496673e-01 2.773633270334450174e-01 2.763911946873600645e-01 2.686591674432140531e-01 2.696213228028809805e-01 2.720321252643859156e-01 2.768771033535305515e-01 2.930912952691737683e-01 2.851860837425994610e-01 2.807757476099280725e-01 2.837130881791044557e-01 2.920985750712923323e-01 2.832227318360402424e-01 2.861696904409574138e-01 2.778498661358144162e-01 2.861696904409574138e-01
2.380426715530227222e-01 2.473307159528139731e-01 2.394285666193825546e-01 2.394285666193825546e-01 1.967395969527945543e-01 1.989268250996355791e-01 1.941233152299540188e-01 1.945587288851440833e-01 1.945587288851440833e-01 2.243227767675286533e-01 1.993650372067560794e-01 1.963029157177506590e-01 4.144700900628706108e-02 3.508204859829804068e-02 2.911989421681542706e-02 0.000000000000000000e+00 1.680300077709351581e-01 1.756357067529721594e-01 2.059691303620148073e-01 2.055270437002313932e-01 2.139715773555376233e-01 2.139715773555376233e-01 2.175558135678006266e-01 2.144186712584945642e-01 2.193543755808100848e-01 1.910824770070326806e-01 1.824616924377313321e-01 1.824616924377313321e-01 2.104043887045505823e-01 2.175558135678006266e-01 2.042023450926705452e-01 2.037612983290048585e-01 2.077400875012747061e-01 2.202552765900357978e-01 2.436016840319944476e-01 2.270467507062019497e-01 2.275017097738384342e-01 2.265920674549314340e-01 2.153136594315260832e-01 2.153136594315260832e-01 2.524885981132808932e-01 2.339002860609400714e-01 2.371201622116228536e-01 2.417440979430710013e-01 2.095152362589743078e-01 2.104043887045505823e-01 2.380426715530227222e-01 2.375812750450842503e-01 2.440668003259710006e-01 2.463967183227666613e-01 2.436016840319944476e-01 2.445322052431703752e-01 2.463967183227666613e-01 2.473307159528139731e-01 2.380426715530227222e-01 2.380426715530227222e-01 2.398911013241441237e-01 2.605303024036222936e-01 2.426723158833334892e-01 2.768771033535305515e-01 2.619584208928897873e-01 2.572085633451227649e-01 2.691400908325686792e-01 2.667385517969588782e-01 2.619584208928897873e-01 2.624350653321927962e-01 2.610060398125328418e-01 2.610060398125328418e-01 2.701028637504024887e-01 2.534302178226549573e-01 2.562621909798062370e-01 2.817535834720406029e-01 2.920985750712923323e-01 2.935881485500145271e-01 2.837130881791044557e-01 2.768771033535305515e-01 2.763911946873600645e-01 2.817535834720406029e-01 2.763911946873600645e-01 2.705847140721485133e-01 2.548448677233641213e-01 2.832227318360402424e-01 2.807757476099280725e-01 2.754203207653757035e-01 2.715493444302065074e-01 2.739663623132496673e-01 2.778498661358144162e-01 2.725152170685281039e-01 2.734823351909319578e-01 2.759056006270168560e-01 2.802873073451880304e-01 2.891282741592196559e-01 2.876475234314315732e-01 2.832227318360402424e-01 2.842037653310517942e-01 2.965762003111703793e-01 2.876475234314315732e-01 2.901170679741634228e-01 2.837130881791044557e-01 2.906119541682991025e-01
