0.000000000000000000e+00 1.926215356358636915e-02 2.494239659602559556e-01 2.494239659602559556e-01 2.720957174312440552e-01 2.687464295684704463e-01 2.668392448153861785e-01 2.587873834569399678e-01 2.606741769048754875e-01 2.592586370068461488e-01 2.639875303530823114e-01 2.616193566140913029e-01 2.611466178653795156e-01 2.569053247528707562e-01 2.754600293846874992e-01 2.484940216377656830e-01 2.512873209560024801e-01 2.461741930019599178e-01 2.471012635773561783e-01 2.822342689878155619e-01 2.658874680379075262e-01 2.673155865271749088e-01 2.663632054468178523e-01 2.759418797064335238e-01 2.759418797064335238e-01 2.517538839570518383e-01 2.658874680379075262e-01 2.649368975684546212e-01 2.769065100644916844e-01 2.620923935266504801e-01 2.526878815870990391e-01 2.415559518086524138e-01 2.397165885323374601e-01 2.415559518086524138e-01 2.480294815176185552e-01 2.639875303530823114e-01 2.720957174312440552e-01 2.620923935266504801e-01 2.606741769048754875e-01 2.798078676479320293e-01 2.522207373801560459e-01 2.635132970144868358e-01 2.583164258276498537e-01 2.554968736347205116e-01 2.654120322058216019e-01 2.550279770892819320e-01 2.720957174312440552e-01 2.735357178736122497e-01 2.578457637475660147e-01 2.494239659602559556e-01 2.827204926677301944e-01 2.764240398001854282e-01 2.871107491063256134e-01 2.871107491063256134e-01 2.856444729794731519e-01 2.778723827028132254e-01 2.759418797064335238e-01 2.759418797064335238e-01 2.778723827028132254e-01 2.740163330774992301e-01 2.692239845034209433e-01 2.697018437104117816e-01 2.793235279475347888e-01 2.905432493768845270e-01 2.939915313133566466e-01 2.841810578810268773e-01 2.900519293462118786e-01 2.954742336084485443e-01 2.625657289794079419e-01 2.663632054468178523e-01 2.720957174312440552e-01 2.611466178653795156e-01 2.744972564668538562e-01 2.716163310294960609e-01 2.687464295684704463e-01 2.697018437104117816e-01 2.668392448153861785e-01 2.673155865271749088e-01 2.716163310294960609e-01 2.630393633494271799e-01 2.663632054468178523e-01 2.716163310294960609e-01 2.827204926677301944e-01 2.773892908986709260e-01 2.807774863996608250e-01 2.697018437104117816e-01 2.682691785183223265e-01 2.711372508471249221e-01 2.740163330774992301e-01 2.744972564668538562e-01 2.730554104604627774e-01 2.725754104440787362e-01 2.706584764931706522e-01 2.798078676479320293e-01 2.759418797064335238e-01 2.740163330774992301e-01 2.663632054468178523e-01 2.880898615169233956e-01 2.880898615169233956e-01 2.871107491063256134e-01
1.926215356358636915e-02 0.000000000000000000e+00 2.522207373801560459e-01 2.452482669584291619e-01 2.730554104604627774e-01 2.682691785183223265e-01 2.673155865271749088e-01 2.597301868494783506e-01 2.592586370068461488e-01 2.597301868494783506e-01 2.635132970144868358e-01 2.606741769048754875e-01 2.578457637475660147e-01 2.550279770892819320e-01 2.740163330774992301e-01 2.517538839570518383e-01 2.517538839570518383e-01 2.475652289494057468e-01 2.489588496662797357e-01 2.793235279475347888e-01 2.673155865271749088e-01 2.701800075774214438e-01 2.692239845034209433e-01 2.744972564668538562e-01 2.773892908986709260e-01 2.540910625389578015e-01 2.654120322058216019e-01 2.658874680379075262e-01 2.769065100644916844e-01 2.606741769048754875e-01 2.522207373801560459e-01 2.410956879095802752e-01 2.365085176465032135e-01 2.374237099504251658e-01 2.480294815176185552e-01 2.625657289794079419e-01 2.701800075774214438e-01 2.644620637444268785e-01 2.639875303530823114e-01 2.827204926677301944e-01 2.569053247528707562e-01 2.658874680379075262e-01 2.644620637444268785e-01 2.639875303530823114e-01 2.658874680379075262e-01 2.564355470989270191e-01 2.725754104440787362e-01 2.740163330774992301e-01 2.597301868494783506e-01 2.503550647763048143e-01 2.846685457109943695e-01 2.793235279475347888e-01 2.871107491063256134e-01 2.880898615169233956e-01 2.851563506062393949e-01 2.783557858777822580e-01 2.788395008252170792e-01 2.778723827028132254e-01 2.793235279475347888e-01 2.720957174312440552e-01 2.673155865271749088e-01 2.720957174312440552e-01 2.827204926677301944e-01 2.900519293462118786e-01 2.974557407055776204e-01 2.885798974703253639e-01 2.934979478799446539e-01 2.934979478799446539e-01 2.630393633494271799e-01 2.663632054468178523e-01 2.716163310294960609e-01 2.625657289794079419e-01 2.735357178736122497e-01 2.706584764931706522e-01 2.682691785183223265e-01 2.701800075774214438e-01 2.663632054468178523e-01 2.673155865271749088e-01 2.720957174312440552e-01 2.635132970144868358e-01 2.706584764931706522e-01 2.730554104604627774e-01 2.832070317700994266e-01 2.783557858777822580e-01 2.798078676479320293e-01 2.730554104604627774e-01 2.706584764931706522e-01 2.701800075774214438e-01 2.730554104604627774e-01 2.744972564668538562e-01 2.730554104604627774e-01 2.720957174312440552e-01 2.735357178736122497e-01 2.778723827028132254e-01 2.783557858777822580e-01 2.730554104604627774e-01 2.673155865271749088e-01 2.846685457109943695e-01 2.851563506062393949e-01 2.871107491063256134e-01
2.494239659602559556e-01 2.522207373801560459e-01 0.000000000000000000e+00 1.592279522071181619e-01 2.029708885601561041e-01 2.020967625870795925e-01 2.166517621584822528e-01 1.977413496501773116e-01 2.012236542230493308e-01 1.908248741201705734e-01 1.878188580720164813e-01 1.878188580720164813e-01 2.162065261703397523e-01 2.122112518511864998e-01 2.606741769048754875e-01 2.401760066171470531e-01 2.319492330892165555e-01 2.424773278459079195e-01 2.415559518086524138e-01 2.578457637475660147e-01 2.644620637444268785e-01 2.611466178653795156e-01 2.639875303530823114e-01 2.720957174312440552e-01 2.711372508471249221e-01 2.611466178653795156e-01 2.630393633494271799e-01 2.697018437104117816e-01 2.602020333576491873e-01 2.658874680379075262e-01 2.554968736347205116e-01 2.471012635773561783e-01 2.536230438030215306e-01 2.397165885323374601e-01 2.410956879095802752e-01 2.716163310294960609e-01 2.836938867044300761e-01 2.735357178736122497e-01 2.740163330774992301e-01 2.697018437104117816e-01 2.620923935266504801e-01 2.663632054468178523e-01 2.658874680379075262e-01 2.692239845034209433e-01 2.740163330774992301e-01 2.620923935266504801e-01 2.788395008252170792e-01 2.793235279475347888e-01 2.711372508471249221e-01 2.587873834569399678e-01 2.807774863996608250e-01 2.769065100644916844e-01 2.817483603216451304e-01 2.856444729794731519e-01 2.788395008252170792e-01 2.773892908986709260e-01 2.778723827028132254e-01 2.778723827028132254e-01 2.836938867044300761e-01 2.769065100644916844e-01 2.866216718147851505e-01 2.827204926677301944e-01 2.910348914790523711e-01 2.890702538133895216e-01 2.885798974703253639e-01 2.934979478799446539e-01 2.846685457109943695e-01 2.964643327621406255e-01 2.611466178653795156e-01 2.764240398001854282e-01 2.783557858777822580e-01 2.711372508471249221e-01 2.716163310294960609e-01 2.711372508471249221e-01 2.649368975684546212e-01 2.620923935266504801e-01 2.611466178653795156e-01 2.644620637444268785e-01 2.697018437104117816e-01 2.616193566140913029e-01 2.602020333576491873e-01 2.673155865271749088e-01 2.639875303530823114e-01 2.620923935266504801e-01 2.663632054468178523e-01 2.749784884371661020e-01 2.720957174312440552e-01 2.827204926677301944e-01 2.836938867044300761e-01 2.856444729794731519e-01 2.725754104440787362e-01 2.754600293846874992e-01 2.769065100644916844e-01 2.749784884371661020e-01 2.749784884371661020e-01 2.730554104604627774e-01 2.793235279475347888e-01 2.740163330774992301e-01 2.740163330774992301e-01 2.802925203303866519e-01
2.494239659602559556e-01 2.452482669584291619e-01 1.592279522071181619e-01 0.000000000000000000e+00 1.869622046379336711e-01 1.895351059605256405e-01 2.007874809045622766e-01 1.767579655960997143e-01 1.754921425108099120e-01 1.763357871441978142e-01 1.742284522371203292e-01 1.759138462047988294e-01 1.908248741201705734e-01 1.886764910985757049e-01 2.480294815176185552e-01 2.310406926994937327e-01 2.324039163404871822e-01 2.310406926994937327e-01 2.324039163404871822e-01 2.583164258276498537e-01 2.578457637475660147e-01 2.564355470989270191e-01 2.498893708774554412e-01 2.687464295684704463e-01 2.606741769048754875e-01 2.545593735126502333e-01 2.550279770892819320e-01 2.606741769048754875e-01 2.559660635155213138e-01 2.512873209560024801e-01 2.397165885323374601e-01 2.296799424018138303e-01 2.346814765480923493e-01 2.301332515724587302e-01 2.342254108605820728e-01 2.564355470989270191e-01 2.668392448153861785e-01 2.677922309664779177e-01 2.668392448153861785e-01 2.611466178653795156e-01 2.498893708774554412e-01 2.569053247528707562e-01 2.569053247528707562e-01 2.658874680379075262e-01 2.620923935266504801e-01 2.564355470989270191e-01 2.730554104604627774e-01 2.720957174312440552e-01 2.658874680379075262e-01 2.583164258276498537e-01 2.764240398001854282e-01 2.740163330774992301e-01 2.749784884371661020e-01 2.706584764931706522e-01 2.754600293846874992e-01 2.802925203303866519e-01 2.639875303530823114e-01 2.649368975684546212e-01 2.735357178736122497e-01 2.677922309664779177e-01 2.730554104604627774e-01 2.697018437104117816e-01 2.798078676479320293e-01 2.740163330774992301e-01 2.720957174312440552e-01 2.769065100644916844e-01 2.773892908986709260e-01 2.778723827028132254e-01 2.592586370068461488e-01 2.611466178653795156e-01 2.654120322058216019e-01 2.663632054468178523e-01 2.740163330774992301e-01 2.583164258276498537e-01 2.725754104440787362e-01 2.673155865271749088e-01 2.711372508471249221e-01 2.706584764931706522e-01 2.620923935266504801e-01 2.587873834569399678e-01 2.649368975684546212e-01 2.706584764931706522e-01 2.687464295684704463e-01 2.730554104604627774e-01 2.692239845034209433e-01 2.730554104604627774e-01 2.807774863996608250e-01 2.788395008252170792e-01 2.783557858777822580e-01 2.788395008252170792e-01 2.701800075774214438e-01 2.773892908986709260e-01 2.793235279475347888e-01 2.711372508471249221e-01 2.817483603216451304e-01 2.764240398001854282e-01 2.692239845034209433e-01 2.812627662613019219e-01 2.856444729794731519e-01 2.861329132442131939e-01
2.720957174312440552e-01 2.730554104604627774e-01 2.029708885601561041e-01 1.869622046379336711e-01 0.000000000000000000e+00 1.955730914184009017e-01 2.029708885601561041e-01 1.784490598864166278e-01 1.886764910985757049e-01 1.865342445692604045e-01 1.784490598864166278e-01 1.771803818280490994e-01 2.233622155138100251e-01 2.251618564492781083e-01 2.668392448153861785e-01 2.559660635155213138e-01 2.517538839570518383e-01 2.484940216377656830e-01 2.559660635155213138e-01 2.773892908986709260e-01 2.740163330774992301e-01 2.740163330774992301e-01 2.725754104440787362e-01 2.783557858777822580e-01 2.807774863996608250e-01 2.807774863996608250e-01 2.735357178736122497e-01 2.778723827028132254e-01 2.754600293846874992e-01 2.740163330774992301e-01 2.682691785183223265e-01 2.438615177189688010e-01 2.569053247528707562e-01 2.508210480158988842e-01 2.526878815870990391e-01 2.900519293462118786e-01 2.969598729189192876e-01 2.866216718147851505e-01 2.866216718147851505e-01 2.866216718147851505e-01 2.764240398001854282e-01 2.788395008252170792e-01 2.802925203303866519e-01 2.793235279475347888e-01 2.812627662613019219e-01 2.735357178736122497e-01 2.925117544439629902e-01 2.925117544439629902e-01 2.764240398001854282e-01 2.706584764931706522e-01 2.822342689878155619e-01 2.764240398001854282e-01 2.822342689878155619e-01 2.812627662613019219e-01 2.876001455347838576e-01 2.866216718147851505e-01 2.885798974703253639e-01 2.876001455347838576e-01 2.807774863996608250e-01 2.866216718147851505e-01 2.812627662613019219e-01 2.788395008252170792e-01 2.934979478799446539e-01 3.034318679424601872e-01 2.934979478799446539e-01 3.004378519903071476e-01 3.054345393593693725e-01 3.019333659454553898e-01 2.778723827028132254e-01 2.778723827028132254e-01 2.822342689878155619e-01 2.832070317700994266e-01 2.851563506062393949e-01 2.759418797064335238e-01 2.802925203303866519e-01 2.861329132442131939e-01 2.846685457109943695e-01 2.793235279475347888e-01 2.798078676479320293e-01 2.740163330774992301e-01 2.744972564668538562e-01 2.769065100644916844e-01 2.866216718147851505e-01 2.832070317700994266e-01 2.856444729794731519e-01 2.930046890657166392e-01 2.895609309653370267e-01 3.024325340171262755e-01 3.049333699454649937e-01 3.049333699454649937e-01 2.841810578810268773e-01 2.817483603216451304e-01 2.890702538133895216e-01 2.866216718147851505e-01 2.841810578810268773e-01 2.802925203303866519e-01 2.836938867044300761e-01 2.959691198025842240e-01 3.009360253729541634e-01 2.979519365556315691e-01
2.687464295684704463e-01 2.682691785183223265e-01 2.020967625870795925e-01 1.895351059605256405e-01 1.955730914184009017e-01 0.000000000000000000e+00 1.776030361080426778e-01 1.725468371828529912e-01 1.683592216135775532e-01 1.691948762961301977e-01 1.662741493782191604e-01 1.637796903160149142e-01 2.224640118136410050e-01 2.256124422243207528e-01 2.687464295684704463e-01 2.429384406793694273e-01 2.420164983383220059e-01 2.438615177189688010e-01 2.429384406793694273e-01 2.759418797064335238e-01 2.759418797064335238e-01 2.759418797064335238e-01 2.716163310294960609e-01 2.697018437104117816e-01 2.759418797064335238e-01 2.663632054468178523e-01 2.658874680379075262e-01 2.759418797064335238e-01 2.635132970144868358e-01 2.687464295684704463e-01 2.606741769048754875e-01 2.597301868494783506e-01 2.550279770892819320e-01 2.443234826242429436e-01 2.443234826242429436e-01 2.720957174312440552e-01 2.846685457109943695e-01 2.802925203303866519e-01 2.793235279475347888e-01 2.697018437104117816e-01 2.654120322058216019e-01 2.725754104440787362e-01 2.677922309664779177e-01 2.687464295684704463e-01 2.764240398001854282e-01 2.711372508471249221e-01 2.827204926677301944e-01 2.822342689878155619e-01 2.783557858777822580e-01 2.602020333576491873e-01 2.832070317700994266e-01 2.822342689878155619e-01 2.841810578810268773e-01 2.876001455347838576e-01 2.925117544439629902e-01 2.905432493768845270e-01 2.861329132442131939e-01 2.866216718147851505e-01 2.802925203303866519e-01 2.783557858777822580e-01 2.658874680379075262e-01 2.706584764931706522e-01 2.925117544439629902e-01 2.876001455347838576e-01 2.871107491063256134e-01 2.895609309653370267e-01 2.880898615169233956e-01 2.989453141842996486e-01 2.759418797064335238e-01 2.778723827028132254e-01 2.793235279475347888e-01 2.836938867044300761e-01 2.735357178736122497e-01 2.764240398001854282e-01 2.735357178736122497e-01 2.673155865271749088e-01 2.740163330774992301e-01 2.716163310294960609e-01 2.706584764931706522e-01 2.658874680379075262e-01 2.730554104604627774e-01 2.720957174312440552e-01 2.793235279475347888e-01 2.735357178736122497e-01 2.740163330774992301e-01 2.759418797064335238e-01 2.807774863996608250e-01 2.802925203303866519e-01 2.817483603216451304e-01 2.822342689878155619e-01 2.778723827028132254e-01 2.798078676479320293e-01 2.764240398001854282e-01 2.817483603216451304e-01 2.798078676479320293e-01 2.802925203303866519e-01 2.725754104440787362e-01 2.989453141842996486e-01 2.925117544439629902e-01 2.925117544439629902e-01
2.668392448153861785e-01 2.673155865271749088e-01 2.166517621584822528e-01 2.007874809045622766e-01 2.029708885601561041e-01 1.776030361080426778e-01 0.000000000000000000e+00 1.788724299230611270e-01 1.809928723872572809e-01 1.848248421198634417e-01 1.818427308351338312e-01 1.814176812346383616e-01 2.301332515724587302e-01 2.292269070512825413e-01 2.658874680379075262e-01 2.471012635773561783e-01 2.508210480158988842e-01 2.471012635773561783e-01 2.508210480158988842e-01 2.668392448153861785e-01 2.720957174312440552e-01 2.759418797064335238e-01 2.725754104440787362e-01 2.871107491063256134e-01 2.788395008252170792e-01 2.639875303530823114e-01 2.649368975684546212e-01 2.716163310294960609e-01 2.706584764931706522e-01 2.697018437104117816e-01 2.744972564668538562e-01 2.630393633494271799e-01 2.677922309664779177e-01 2.644620637444268785e-01 2.583164258276498537e-01 2.871107491063256134e-01 2.949796737487870302e-01 2.866216718147851505e-01 2.846685457109943695e-01 2.851563506062393949e-01 2.749784884371661020e-01 2.832070317700994266e-01 2.783557858777822580e-01 2.687464295684704463e-01 2.788395008252170792e-01 2.744972564668538562e-01 2.866216718147851505e-01 2.851563506062393949e-01 2.827204926677301944e-01 2.658874680379075262e-01 3.019333659454553898e-01 3.024325340171262755e-01 2.969598729189192876e-01 2.969598729189192876e-01 3.034318679424601872e-01 2.979519365556315691e-01 2.876001455347838576e-01 2.885798974703253639e-01 2.964643327621406255e-01 2.812627662613019219e-01 2.798078676479320293e-01 2.793235279475347888e-01 2.925117544439629902e-01 2.934979478799446539e-01 2.959691198025842240e-01 2.949796737487870302e-01 2.944854397935048329e-01 3.004378519903071476e-01 2.822342689878155619e-01 2.802925203303866519e-01 2.832070317700994266e-01 2.827204926677301944e-01 2.890702538133895216e-01 2.841810578810268773e-01 2.817483603216451304e-01 2.827204926677301944e-01 2.812627662613019219e-01 2.836938867044300761e-01 2.798078676479320293e-01 2.798078676479320293e-01 2.764240398001854282e-01 2.871107491063256134e-01 2.836938867044300761e-01 2.846685457109943695e-01 2.812627662613019219e-01 2.856444729794731519e-01 2.900519293462118786e-01 2.885798974703253639e-01 2.920191435888148668e-01 2.930046890657166392e-01 2.856444729794731519e-01 2.880898615169233956e-01 2.841810578810268773e-01 2.866216718147851505e-01 2.871107491063256134e-01 2.866216718147851505e-01 2.846685457109943695e-01 2.934979478799446539e-01 2.895609309653370267e-01 2.974557407055776204e-01
2.587873834569399678e-01 2.597301868494783506e-01 1.977413496501773116e-01 1.767579655960997143e-01 1.784490598864166278e-01 1.725468371828529912e-01 1.788724299230611270e-01 0.000000000000000000e+00 9.710440025876959647e-02 1.441171769790347001e-01 1.348751634340301653e-01 1.328810117673218938e-01 2.153168463507099673e-01 2.157615543388356760e-01 2.597301868494783506e-01 2.397165885323374601e-01 2.420164983383220059e-01 2.429384406793694273e-01 2.475652289494057468e-01 2.620923935266504801e-01 2.564355470989270191e-01 2.587873834569399678e-01 2.673155865271749088e-01 2.658874680379075262e-01 2.682691785183223265e-01 2.602020333576491873e-01 2.592586370068461488e-01 2.625657289794079419e-01 2.673155865271749088e-01 2.711372508471249221e-01 2.517538839570518383e-01 2.498893708774554412e-01 2.602020333576491873e-01 2.517538839570518383e-01 2.522207373801560459e-01 2.701800075774214438e-01 2.885798974703253639e-01 2.827204926677301944e-01 2.832070317700994266e-01 2.754600293846874992e-01 2.687464295684704463e-01 2.654120322058216019e-01 2.711372508471249221e-01 2.692239845034209433e-01 2.764240398001854282e-01 2.735357178736122497e-01 2.759418797064335238e-01 2.769065100644916844e-01 2.663632054468178523e-01 2.578457637475660147e-01 2.861329132442131939e-01 2.798078676479320293e-01 2.773892908986709260e-01 2.817483603216451304e-01 2.861329132442131939e-01 2.861329132442131939e-01 2.783557858777822580e-01 2.778723827028132254e-01 2.783557858777822580e-01 2.783557858777822580e-01 2.836938867044300761e-01 2.788395008252170792e-01 2.939915313133566466e-01 2.979519365556315691e-01 2.964643327621406255e-01 2.989453141842996486e-01 3.039320346832380393e-01 2.954742336084485443e-01 2.711372508471249221e-01 2.735357178736122497e-01 2.773892908986709260e-01 2.720957174312440552e-01 2.798078676479320293e-01 2.778723827028132254e-01 2.730554104604627774e-01 2.812627662613019219e-01 2.749784884371661020e-01 2.769065100644916844e-01 2.673155865271749088e-01 2.701800075774214438e-01 2.788395008252170792e-01 2.711372508471249221e-01 2.749784884371661020e-01 2.759418797064335238e-01 2.701800075774214438e-01 2.880898615169233956e-01 2.841810578810268773e-01 2.890702538133895216e-01 2.920191435888148668e-01 2.925117544439629902e-01 2.798078676479320293e-01 2.764240398001854282e-01 2.851563506062393949e-01 2.822342689878155619e-01 2.817483603216451304e-01 2.836938867044300761e-01 2.788395008252170792e-01 2.944854397935048329e-01 2.925117544439629902e-01 2.974557407055776204e-01
2.606741769048754875e-01 2.592586370068461488e-01 2.012236542230493308e-01 1.754921425108099120e-01 1.886764910985757049e-01 1.683592216135775532e-01 1.809928723872572809e-01 9.710440025876959647e-02 0.000000000000000000e+00 1.425016674691032825e-01 1.312894992337735878e-01 1.312894992337735878e-01 2.166517621584822528e-01 2.162065261703397523e-01 2.720957174312440552e-01 2.466375850463584651e-01 2.406357062944258218e-01 2.475652289494057468e-01 2.480294815176185552e-01 2.668392448153861785e-01 2.512873209560024801e-01 2.559660635155213138e-01 2.611466178653795156e-01 2.706584764931706522e-01 2.720957174312440552e-01 2.630393633494271799e-01 2.592586370068461488e-01 2.597301868494783506e-01 2.569053247528707562e-01 2.649368975684546212e-01 2.597301868494783506e-01 2.517538839570518383e-01 2.573753968459775443e-01 2.480294815176185552e-01 2.443234826242429436e-01 2.735357178736122497e-01 2.866216718147851505e-01 2.798078676479320293e-01 2.793235279475347888e-01 2.744972564668538562e-01 2.749784884371661020e-01 2.677922309664779177e-01 2.673155865271749088e-01 2.668392448153861785e-01 2.716163310294960609e-01 2.639875303530823114e-01 2.687464295684704463e-01 2.697018437104117816e-01 2.654120322058216019e-01 2.611466178653795156e-01 2.895609309653370267e-01 2.836938867044300761e-01 2.793235279475347888e-01 2.856444729794731519e-01 2.920191435888148668e-01 2.939915313133566466e-01 2.890702538133895216e-01 2.910348914790523711e-01 2.851563506062393949e-01 2.744972564668538562e-01 2.788395008252170792e-01 2.720957174312440552e-01 2.876001455347838576e-01 2.890702538133895216e-01 2.871107491063256134e-01 2.885798974703253639e-01 2.910348914790523711e-01 2.885798974703253639e-01 2.759418797064335238e-01 2.649368975684546212e-01 2.701800075774214438e-01 2.701800075774214438e-01 2.749784884371661020e-01 2.783557858777822580e-01 2.764240398001854282e-01 2.788395008252170792e-01 2.725754104440787362e-01 2.716163310294960609e-01 2.706584764931706522e-01 2.749784884371661020e-01 2.744972564668538562e-01 2.754600293846874992e-01 2.711372508471249221e-01 2.749784884371661020e-01 2.783557858777822580e-01 2.836938867044300761e-01 2.817483603216451304e-01 2.895609309653370267e-01 2.890702538133895216e-01 2.900519293462118786e-01 2.807774863996608250e-01 2.778723827028132254e-01 2.764240398001854282e-01 2.720957174312440552e-01 2.764240398001854282e-01 2.827204926677301944e-01 2.735357178736122497e-01 2.964643327621406255e-01 2.939915313133566466e-01 2.979519365556315691e-01
2.592586370068461488e-01 2.597301868494783506e-01 1.908248741201705734e-01 1.763357871441978142e-01 1.865342445692604045e-01 1.691948762961301977e-01 1.848248421198634417e-01 1.441171769790347001e-01 1.425016674691032825e-01 0.000000000000000000e+00 5.933729035310201377e-02 5.825477873866351242e-02 2.139843023223468865e-01 2.193287429898226615e-01 2.573753968459775443e-01 2.438615177189688010e-01 2.438615177189688010e-01 2.471012635773561783e-01 2.471012635773561783e-01 2.583164258276498537e-01 2.649368975684546212e-01 2.611466178653795156e-01 2.620923935266504801e-01 2.668392448153861785e-01 2.687464295684704463e-01 2.668392448153861785e-01 2.616193566140913029e-01 2.668392448153861785e-01 2.620923935266504801e-01 2.635132970144868358e-01 2.564355470989270191e-01 2.392574516952251096e-01 2.508210480158988842e-01 2.475652289494057468e-01 2.489588496662797357e-01 2.720957174312440552e-01 2.827204926677301944e-01 2.744972564668538562e-01 2.754600293846874992e-01 2.788395008252170792e-01 2.668392448153861785e-01 2.639875303530823114e-01 2.701800075774214438e-01 2.692239845034209433e-01 2.697018437104117816e-01 2.711372508471249221e-01 2.841810578810268773e-01 2.846685457109943695e-01 2.740163330774992301e-01 2.668392448153861785e-01 2.744972564668538562e-01 2.740163330774992301e-01 2.793235279475347888e-01 2.798078676479320293e-01 2.954742336084485443e-01 2.876001455347838576e-01 2.807774863996608250e-01 2.798078676479320293e-01 2.798078676479320293e-01 2.788395008252170792e-01 2.793235279475347888e-01 2.697018437104117816e-01 2.895609309653370267e-01 2.871107491063256134e-01 2.841810578810268773e-01 2.880898615169233956e-01 2.895609309653370267e-01 2.827204926677301944e-01 2.725754104440787362e-01 2.706584764931706522e-01 2.706584764931706522e-01 2.701800075774214438e-01 2.735357178736122497e-01 2.711372508471249221e-01 2.778723827028132254e-01 2.744972564668538562e-01 2.754600293846874992e-01 2.754600293846874992e-01 2.663632054468178523e-01 2.592586370068461488e-01 2.720957174312440552e-01 2.697018437104117816e-01 2.822342689878155619e-01 2.730554104604627774e-01 2.740163330774992301e-01 2.744972564668538562e-01 2.812627662613019219e-01 2.788395008252170792e-01 2.798078676479320293e-01 2.802925203303866519e-01 2.749784884371661020e-01 2.759418797064335238e-01 2.769065100644916844e-01 2.793235279475347888e-01 2.802925203303866519e-01 2.759418797064335238e-01 2.773892908986709260e-01 2.861329132442131939e-01 2.934979478799446539e-01 2.944854397935048329e-01
2.639875303530823114e-01 2.635132970144868358e-01 1.878188580720164813e-01 1.742284522371203292e-01 1.784490598864166278e-01 1.662741493782191604e-01 1.818427308351338312e-01 1.348751634340301653e-01 1.312894992337735878e-01 5.933729035310201377e-02 0.000000000000000000e+00 6.702457474805309859e-03 2.130972531355598554e-01 2.184353539622077844e-01 2.587873834569399678e-01 2.466375850463584651e-01 2.424773278459079195e-01 2.443234826242429436e-01 2.438615177189688010e-01 2.620923935266504801e-01 2.564355470989270191e-01 2.540910625389578015e-01 2.587873834569399678e-01 2.639875303530823114e-01 2.644620637444268785e-01 2.677922309664779177e-01 2.620923935266504801e-01 2.654120322058216019e-01 2.649368975684546212e-01 2.697018437104117816e-01 2.554968736347205116e-01 2.415559518086524138e-01 2.508210480158988842e-01 2.475652289494057468e-01 2.494239659602559556e-01 2.692239845034209433e-01 2.783557858777822580e-01 2.692239845034209433e-01 2.720957174312440552e-01 2.773892908986709260e-01 2.620923935266504801e-01 2.663632054468178523e-01 2.706584764931706522e-01 2.701800075774214438e-01 2.692239845034209433e-01 2.635132970144868358e-01 2.793235279475347888e-01 2.807774863996608250e-01 2.658874680379075262e-01 2.635132970144868358e-01 2.778723827028132254e-01 2.754600293846874992e-01 2.783557858777822580e-01 2.749784884371661020e-01 2.895609309653370267e-01 2.827204926677301944e-01 2.798078676479320293e-01 2.798078676479320293e-01 2.749784884371661020e-01 2.706584764931706522e-01 2.716163310294960609e-01 2.592586370068461488e-01 2.885798974703253639e-01 2.876001455347838576e-01 2.817483603216451304e-01 2.871107491063256134e-01 2.915268560752426463e-01 2.788395008252170792e-01 2.673155865271749088e-01 2.602020333576491873e-01 2.635132970144868358e-01 2.668392448153861785e-01 2.716163310294960609e-01 2.616193566140913029e-01 2.701800075774214438e-01 2.701800075774214438e-01 2.649368975684546212e-01 2.673155865271749088e-01 2.658874680379075262e-01 2.597301868494783506e-01 2.654120322058216019e-01 2.677922309664779177e-01 2.759418797064335238e-01 2.769065100644916844e-01 2.812627662613019219e-01 2.692239845034209433e-01 2.692239845034209433e-01 2.788395008252170792e-01 2.788395008252170792e-01 2.793235279475347888e-01 2.682691785183223265e-01 2.730554104604627774e-01 2.725754104440787362e-01 2.706584764931706522e-01 2.764240398001854282e-01 2.658874680379075262e-01 2.706584764931706522e-01 2.807774863996608250e-01 2.880898615169233956e-01 2.915268560752426463e-01
2.616193566140913029e-01 2.606741769048754875e-01 1.878188580720164813e-01 1.759138462047988294e-01 1.771803818280490994e-01 1.637796903160149142e-01 1.814176812346383616e-01 1.328810117673218938e-01 1.312894992337735878e-01 5.825477873866351242e-02 6.702457474805309859e-03 0.000000000000000000e+00 2.108842093345165702e-01 2.170972626170817321e-01 2.597301868494783506e-01 2.484940216377656830e-01 2.443234826242429436e-01 2.443234826242429436e-01 2.438615177189688010e-01 2.602020333576491873e-01 2.587873834569399678e-01 2.564355470989270191e-01 2.606741769048754875e-01 2.663632054468178523e-01 2.673155865271749088e-01 2.677922309664779177e-01 2.616193566140913029e-01 2.668392448153861785e-01 2.630393633494271799e-01 2.663632054468178523e-01 2.559660635155213138e-01 2.433998371873077882e-01 2.517538839570518383e-01 2.484940216377656830e-01 2.489588496662797357e-01 2.697018437104117816e-01 2.807774863996608250e-01 2.720957174312440552e-01 2.744972564668538562e-01 2.788395008252170792e-01 2.654120322058216019e-01 2.677922309664779177e-01 2.716163310294960609e-01 2.663632054468178523e-01 2.697018437104117816e-01 2.668392448153861785e-01 2.788395008252170792e-01 2.802925203303866519e-01 2.663632054468178523e-01 2.625657289794079419e-01 2.788395008252170792e-01 2.769065100644916844e-01 2.793235279475347888e-01 2.764240398001854282e-01 2.905432493768845270e-01 2.861329132442131939e-01 2.798078676479320293e-01 2.798078676479320293e-01 2.759418797064335238e-01 2.716163310294960609e-01 2.677922309664779177e-01 2.573753968459775443e-01 2.885798974703253639e-01 2.876001455347838576e-01 2.827204926677301944e-01 2.871107491063256134e-01 2.900519293462118786e-01 2.812627662613019219e-01 2.663632054468178523e-01 2.611466178653795156e-01 2.635132970144868358e-01 2.649368975684546212e-01 2.706584764931706522e-01 2.635132970144868358e-01 2.697018437104117816e-01 2.720957174312440552e-01 2.658874680379075262e-01 2.682691785183223265e-01 2.658874680379075262e-01 2.592586370068461488e-01 2.644620637444268785e-01 2.682691785183223265e-01 2.764240398001854282e-01 2.773892908986709260e-01 2.836938867044300761e-01 2.687464295684704463e-01 2.677922309664779177e-01 2.773892908986709260e-01 2.788395008252170792e-01 2.793235279475347888e-01 2.692239845034209433e-01 2.716163310294960609e-01 2.711372508471249221e-01 2.735357178736122497e-01 2.769065100644916844e-01 2.654120322058216019e-01 2.692239845034209433e-01 2.832070317700994266e-01 2.890702538133895216e-01 2.915268560752426463e-01
2.611466178653795156e-01 2.578457637475660147e-01 2.162065261703397523e-01 1.908248741201705734e-01 2.233622155138100251e-01 2.224640118136410050e-01 2.301332515724587302e-01 2.153168463507099673e-01 2.166517621584822528e-01 2.139843023223468865e-01 2.130972531355598554e-01 2.108842093345165702e-01 0.000000000000000000e+00 1.081987112007234825e-01 2.540910625389578015e-01 2.415559518086524138e-01 2.346814765480923493e-01 2.452482669584291619e-01 2.378817252318350950e-01 2.635132970144868358e-01 2.545593735126502333e-01 2.564355470989270191e-01 2.517538839570518383e-01 2.692239845034209433e-01 2.625657289794079419e-01 2.461741930019599178e-01 2.503550647763048143e-01 2.564355470989270191e-01 2.522207373801560459e-01 2.583164258276498537e-01 2.484940216377656830e-01 2.365085176465032135e-01 2.410956879095802752e-01 2.392574516952251096e-01 2.466375850463584651e-01 2.673155865271749088e-01 2.725754104440787362e-01 2.692239845034209433e-01 2.701800075774214438e-01 2.677922309664779177e-01 2.545593735126502333e-01 2.540910625389578015e-01 2.531553169403414350e-01 2.569053247528707562e-01 2.592586370068461488e-01 2.522207373801560459e-01 2.716163310294960609e-01 2.701800075774214438e-01 2.573753968459775443e-01 2.573753968459775443e-01 2.687464295684704463e-01 2.744972564668538562e-01 2.769065100644916844e-01 2.817483603216451304e-01 2.880898615169233956e-01 2.841810578810268773e-01 2.773892908986709260e-01 2.754600293846874992e-01 2.793235279475347888e-01 2.602020333576491873e-01 2.697018437104117816e-01 2.720957174312440552e-01 2.851563506062393949e-01 2.812627662613019219e-01 2.890702538133895216e-01 2.876001455347838576e-01 2.846685457109943695e-01 2.900519293462118786e-01 2.597301868494783506e-01 2.587873834569399678e-01 2.602020333576491873e-01 2.606741769048754875e-01 2.649368975684546212e-01 2.620923935266504801e-01 2.654120322058216019e-01 2.658874680379075262e-01 2.620923935266504801e-01 2.597301868494783506e-01 2.611466178653795156e-01 2.620923935266504801e-01 2.711372508471249221e-01 2.697018437104117816e-01 2.827204926677301944e-01 2.890702538133895216e-01 2.841810578810268773e-01 2.788395008252170792e-01 2.749784884371661020e-01 2.822342689878155619e-01 2.866216718147851505e-01 2.871107491063256134e-01 2.836938867044300761e-01 2.764240398001854282e-01 2.836938867044300761e-01 2.744972564668538562e-01 2.716163310294960609e-01 2.673155865271749088e-01 2.744972564668538562e-01 2.836938867044300761e-01 2.783557858777822580e-01 2.822342689878155619e-01
2.569053247528707562e-01 2.550279770892819320e-01 2.122112518511864998e-01 1.886764910985757049e-01 2.251618564492781083e-01 2.256124422243207528e-01 2.292269070512825413e-01 2.157615543388356760e-01 2.162065261703397523e-01 2.193287429898226615e-01 2.184353539622077844e-01 2.170972626170817321e-01 1.081987112007234825e-01 0.000000000000000000e+00 2.508210480158988842e-01 2.387985957616709787e-01 2.378817252318350950e-01 2.369659742023139670e-01 2.369659742023139670e-01 2.625657289794079419e-01 2.540910625389578015e-01 2.602020333576491873e-01 2.569053247528707562e-01 2.730554104604627774e-01 2.668392448153861785e-01 2.498893708774554412e-01 2.564355470989270191e-01 2.526878815870990391e-01 2.494239659602559556e-01 2.526878815870990391e-01 2.550279770892819320e-01 2.365085176465032135e-01 2.355944407509061311e-01 2.471012635773561783e-01 2.480294815176185552e-01 2.677922309664779177e-01 2.663632054468178523e-01 2.701800075774214438e-01 2.682691785183223265e-01 2.606741769048754875e-01 2.536230438030215306e-01 2.480294815176185552e-01 2.522207373801560459e-01 2.508210480158988842e-01 2.592586370068461488e-01 2.429384406793694273e-01 2.611466178653795156e-01 2.606741769048754875e-01 2.649368975684546212e-01 2.461741930019599178e-01 2.802925203303866519e-01 2.778723827028132254e-01 2.802925203303866519e-01 2.827204926677301944e-01 2.788395008252170792e-01 2.876001455347838576e-01 2.812627662613019219e-01 2.798078676479320293e-01 2.773892908986709260e-01 2.606741769048754875e-01 2.682691785183223265e-01 2.658874680379075262e-01 2.788395008252170792e-01 2.846685457109943695e-01 2.841810578810268773e-01 2.788395008252170792e-01 2.798078676479320293e-01 2.861329132442131939e-01 2.569053247528707562e-01 2.531553169403414350e-01 2.517538839570518383e-01 2.569053247528707562e-01 2.498893708774554412e-01 2.554968736347205116e-01 2.531553169403414350e-01 2.573753968459775443e-01 2.508210480158988842e-01 2.522207373801560459e-01 2.484940216377656830e-01 2.597301868494783506e-01 2.668392448153861785e-01 2.658874680379075262e-01 2.749784884371661020e-01 2.832070317700994266e-01 2.706584764931706522e-01 2.744972564668538562e-01 2.716163310294960609e-01 2.730554104604627774e-01 2.769065100644916844e-01 2.764240398001854282e-01 2.706584764931706522e-01 2.654120322058216019e-01 2.697018437104117816e-01 2.716163310294960609e-01 2.649368975684546212e-01 2.663632054468178523e-01 2.711372508471249221e-01 2.856444729794731519e-01 2.773892908986709260e-01 2.856444729794731519e-01
2.754600293846874992e-01 2.740163330774992301e-01 2.606741769048754875e-01 2.480294815176185552e-01 2.668392448153861785e-01 2.687464295684704463e-01 2.658874680379075262e-01 2.597301868494783506e-01 2.720957174312440552e-01 2.573753968459775443e-01 2.587873834569399678e-01 2.597301868494783506e-01 2.540910625389578015e-01 2.508210480158988842e-01 0.000000000000000000e+00 2.489588496662797357e-01 2.397165885323374601e-01 2.494239659602559556e-01 2.406357062944258218e-01 2.559660635155213138e-01 2.578457637475660147e-01 2.550279770892819320e-01 2.597301868494783506e-01 2.716163310294960609e-01 2.711372508471249221e-01 2.592586370068461488e-01 2.494239659602559556e-01 2.545593735126502333e-01 2.494239659602559556e-01 2.498893708774554412e-01 2.461741930019599178e-01 2.484940216377656830e-01 2.475652289494057468e-01 2.536230438030215306e-01 2.484940216377656830e-01 2.754600293846874992e-01 2.817483603216451304e-01 2.730554104604627774e-01 2.759418797064335238e-01 2.822342689878155619e-01 2.644620637444268785e-01 2.663632054468178523e-01 2.706584764931706522e-01 2.701800075774214438e-01 2.697018437104117816e-01 2.654120322058216019e-01 2.856444729794731519e-01 2.851563506062393949e-01 2.783557858777822580e-01 2.687464295684704463e-01 2.861329132442131939e-01 2.866216718147851505e-01 2.895609309653370267e-01 2.900519293462118786e-01 2.930046890657166392e-01 2.949796737487870302e-01 2.910348914790523711e-01 2.915268560752426463e-01 2.876001455347838576e-01 2.841810578810268773e-01 2.846685457109943695e-01 2.861329132442131939e-01 2.905432493768845270e-01 2.846685457109943695e-01 2.920191435888148668e-01 2.925117544439629902e-01 2.930046890657166392e-01 2.841810578810268773e-01 2.749784884371661020e-01 2.802925203303866519e-01 2.807774863996608250e-01 2.788395008252170792e-01 2.861329132442131939e-01 2.759418797064335238e-01 2.769065100644916844e-01 2.716163310294960609e-01 2.788395008252170792e-01 2.827204926677301944e-01 2.759418797064335238e-01 2.677922309664779177e-01 2.720957174312440552e-01 2.759418797064335238e-01 2.876001455347838576e-01 2.880898615169233956e-01 2.832070317700994266e-01 2.861329132442131939e-01 2.876001455347838576e-01 2.880898615169233956e-01 2.895609309653370267e-01 2.900519293462118786e-01 2.856444729794731519e-01 2.905432493768845270e-01 2.876001455347838576e-01 2.876001455347838576e-01 2.841810578810268773e-01 2.730554104604627774e-01 2.832070317700994266e-01 2.871107491063256134e-01 2.934979478799446539e-01 2.989453141842996486e-01
2.484940216377656830e-01 2.517538839570518383e-01 2.401760066171470531e-01 2.310406926994937327e-01 2.559660635155213138e-01 2.429384406793694273e-01 2.471012635773561783e-01 2.397165885323374601e-01 2.466375850463584651e-01 2.438615177189688010e-01 2.466375850463584651e-01 2.484940216377656830e-01 2.415559518086524138e-01 2.387985957616709787e-01 2.489588496662797357e-01 0.000000000000000000e+00 4.609428343754906621e-02 1.147793985808894940e-01 1.750706757955882154e-01 2.324039163404871822e-01 2.287741451902640388e-01 2.296799424018138303e-01 2.283216564887560751e-01 2.319492330892165555e-01 2.369659742023139670e-01 2.224640118136410050e-01 2.260632988654905084e-01 2.319492330892165555e-01 2.346814765480923493e-01 2.274174972472445821e-01 2.526878815870990391e-01 2.397165885323374601e-01 2.420164983383220059e-01 2.433998371873077882e-01 2.480294815176185552e-01 2.611466178653795156e-01 2.639875303530823114e-01 2.625657289794079419e-01 2.649368975684546212e-01 2.597301868494783506e-01 2.606741769048754875e-01 2.503550647763048143e-01 2.564355470989270191e-01 2.545593735126502333e-01 2.625657289794079419e-01 2.536230438030215306e-01 2.682691785183223265e-01 2.687464295684704463e-01 2.639875303530823114e-01 2.461741930019599178e-01 2.616193566140913029e-01 2.606741769048754875e-01 2.658874680379075262e-01 2.630393633494271799e-01 2.759418797064335238e-01 2.606741769048754875e-01 2.654120322058216019e-01 2.663632054468178523e-01 2.644620637444268785e-01 2.625657289794079419e-01 2.701800075774214438e-01 2.682691785183223265e-01 2.740163330774992301e-01 2.711372508471249221e-01 2.730554104604627774e-01 2.730554104604627774e-01 2.783557858777822580e-01 2.749784884371661020e-01 2.606741769048754875e-01 2.587873834569399678e-01 2.635132970144868358e-01 2.725754104440787362e-01 2.564355470989270191e-01 2.654120322058216019e-01 2.559660635155213138e-01 2.639875303530823114e-01 2.630393633494271799e-01 2.635132970144868358e-01 2.564355470989270191e-01 2.531553169403414350e-01 2.564355470989270191e-01 2.611466178653795156e-01 2.616193566140913029e-01 2.635132970144868358e-01 2.697018437104117816e-01 2.706584764931706522e-01 2.654120322058216019e-01 2.735357178736122497e-01 2.744972564668538562e-01 2.764240398001854282e-01 2.720957174312440552e-01 2.682691785183223265e-01 2.635132970144868358e-01 2.673155865271749088e-01 2.769065100644916844e-01 2.602020333576491873e-01 2.592586370068461488e-01 2.915268560752426463e-01 2.856444729794731519e-01 2.905432493768845270e-01
