0.000000000000000000e+00 3.380782918149466409e-02 3.772241992882562345e-01 3.772241992882562345e-01 4.056939501779359691e-01 4.015421115065243018e-01 3.991696322657176665e-01 3.890865954922894665e-01 3.914590747330961018e-01 3.896797153024911253e-01 3.956109134045077136e-01 3.926453143534994195e-01 3.920521945432977606e-01 3.867141162514827757e-01 4.098457888493475809e-01 3.760379596678529168e-01 3.795966785290628698e-01 3.730723606168446227e-01 3.742586002372479403e-01 4.181494661921708045e-01 3.979833926453143489e-01 3.997627520759193254e-01 3.985765124555160077e-01 4.104389086595492397e-01 4.104389086595492397e-01 3.801897983392645286e-01 3.979833926453143489e-01 3.967971530249110312e-01 4.116251482799525574e-01 3.932384341637010783e-01 3.813760379596678463e-01 3.671411625148279789e-01 3.647686832740213436e-01 3.671411625148279789e-01 3.754448398576512580e-01 3.956109134045077136e-01 4.056939501779359691e-01 3.932384341637010783e-01 3.914590747330961018e-01 4.151838671411625104e-01 3.807829181494661874e-01 3.950177935943060548e-01 3.884934756820878077e-01 3.849347568208777992e-01 3.973902728351126901e-01 3.843416370106761404e-01 4.056939501779359691e-01 4.074733096085409456e-01 3.879003558718860933e-01 3.772241992882562345e-01 4.187425860023724633e-01 4.110320284697508986e-01 4.240806642941874482e-01 4.240806642941874482e-01 4.223013048635824163e-01 4.128113879003558750e-01 4.104389086595492397e-01 4.104389086595492397e-01 4.128113879003558750e-01 4.080664294187426044e-01 4.021352313167259607e-01 4.027283511269276195e-01 4.145907473309608515e-01 4.282325029655990600e-01 4.323843416370106718e-01 4.205219454329774398e-01 4.276393831553974012e-01 4.341637010676156483e-01 3.938315539739027371e-01 3.985765124555160077e-01 4.056939501779359691e-01 3.920521945432977606e-01 4.086595492289442633e-01 4.051008303677342548e-01 4.015421115065243018e-01 4.027283511269276195e-01 3.991696322657176665e-01 3.997627520759193254e-01 4.051008303677342548e-01 3.944246737841043959e-01 3.985765124555160077e-01 4.051008303677342548e-01 4.187425860023724633e-01 4.122182680901542162e-01 4.163701067615658280e-01 4.027283511269276195e-01 4.009489916963226430e-01 4.045077105575325960e-01 4.080664294187426044e-01 4.086595492289442633e-01 4.068801897983392868e-01 4.062870699881376280e-01 4.039145907473309371e-01 4.151838671411625104e-01 4.104389086595492397e-01 4.080664294187426044e-01 3.985765124555160077e-01 4.252669039145907659e-01 4.252669039145907659e-01 4.240806642941874482e-01
3.380782918149466409e-02 0.000000000000000000e+00 3.807829181494661874e-01 3.718861209964413050e-01 4.068801897983392868e-01 4.009489916963226430e-01 3.997627520759193254e-01 3.902728351126927842e-01 3.896797153024911253e-01 3.902728351126927842e-01 3.950177935943060548e-01 3.914590747330961018e-01 3.879003558718860933e-01 3.843416370106761404e-01 4.080664294187426044e-01 3.801897983392645286e-01 3.801897983392645286e-01 3.748517200474495992e-01 3.766310794780545756e-01 4.145907473309608515e-01 3.997627520759193254e-01 4.033214709371292783e-01 4.021352313167259607e-01 4.086595492289442633e-01 4.122182680901542162e-01 3.831553973902728227e-01 3.973902728351126901e-01 3.979833926453143489e-01 4.116251482799525574e-01 3.914590747330961018e-01 3.807829181494661874e-01 3.665480427046263201e-01 3.606168446026097318e-01 3.618030842230130495e-01 3.754448398576512580e-01 3.938315539739027371e-01 4.033214709371292783e-01 3.962040332147093724e-01 3.956109134045077136e-01 4.187425860023724633e-01 3.867141162514827757e-01 3.979833926453143489e-01 3.962040332147093724e-01 3.956109134045077136e-01 3.979833926453143489e-01 3.861209964412811169e-01 4.062870699881376280e-01 4.080664294187426044e-01 3.902728351126927842e-01 3.784104389086595521e-01 4.211150652431790986e-01 4.145907473309608515e-01 4.240806642941874482e-01 4.252669039145907659e-01 4.217081850533807574e-01 4.134045077105575339e-01 4.139976275207591927e-01 4.128113879003558750e-01 4.145907473309608515e-01 4.056939501779359691e-01 3.997627520759193254e-01 4.056939501779359691e-01 4.187425860023724633e-01 4.276393831553974012e-01 4.365361803084222836e-01 4.258600237247924247e-01 4.317912218268090130e-01 4.317912218268090130e-01 3.944246737841043959e-01 3.985765124555160077e-01 4.051008303677342548e-01 3.938315539739027371e-01 4.074733096085409456e-01 4.039145907473309371e-01 4.009489916963226430e-01 4.033214709371292783e-01 3.985765124555160077e-01 3.997627520759193254e-01 4.056939501779359691e-01 3.950177935943060548e-01 4.039145907473309371e-01 4.068801897983392868e-01 4.193357058125741221e-01 4.134045077105575339e-01 4.151838671411625104e-01 4.068801897983392868e-01 4.039145907473309371e-01 4.033214709371292783e-01 4.068801897983392868e-01 4.086595492289442633e-01 4.068801897983392868e-01 4.056939501779359691e-01 4.074733096085409456e-01 4.128113879003558750e-01 4.134045077105575339e-01 4.068801897983392868e-01 3.997627520759193254e-01 4.211150652431790986e-01 4.217081850533807574e-01 4.240806642941874482e-01
3.772241992882562345e-01 3.807829181494661874e-01 0.000000000000000000e+00 2.550415183867141278e-01 3.161328588374851534e-01 3.149466192170818357e-01 3.345195729537366325e-01 3.090154211150652475e-01 3.137603795966785181e-01 2.995255041518386507e-01 2.953736654804270390e-01 2.953736654804270390e-01 3.339264531435349737e-01 3.285883748517200442e-01 3.914590747330961018e-01 3.653618030842230024e-01 3.546856465005931436e-01 3.683274021352312966e-01 3.671411625148279789e-01 3.879003558718860933e-01 3.962040332147093724e-01 3.920521945432977606e-01 3.956109134045077136e-01 4.056939501779359691e-01 4.045077105575325960e-01 3.920521945432977606e-01 3.944246737841043959e-01 4.027283511269276195e-01 3.908659549228944430e-01 3.979833926453143489e-01 3.849347568208777992e-01 3.742586002372479403e-01 3.825622775800711639e-01 3.647686832740213436e-01 3.665480427046263201e-01 4.051008303677342548e-01 4.199288256227757810e-01 4.074733096085409456e-01 4.080664294187426044e-01 4.027283511269276195e-01 3.932384341637010783e-01 3.985765124555160077e-01 3.979833926453143489e-01 4.021352313167259607e-01 4.080664294187426044e-01 3.932384341637010783e-01 4.139976275207591927e-01 4.145907473309608515e-01 4.045077105575325960e-01 3.890865954922894665e-01 4.163701067615658280e-01 4.116251482799525574e-01 4.175563463819691457e-01 4.223013048635824163e-01 4.139976275207591927e-01 4.122182680901542162e-01 4.128113879003558750e-01 4.128113879003558750e-01 4.199288256227757810e-01 4.116251482799525574e-01 4.234875444839857894e-01 4.187425860023724633e-01 4.288256227758007189e-01 4.264531435349940836e-01 4.258600237247924247e-01 4.317912218268090130e-01 4.211150652431790986e-01 4.353499406880189659e-01 3.920521945432977606e-01 4.110320284697508986e-01 4.134045077105575339e-01 4.045077105575325960e-01 4.051008303677342548e-01 4.045077105575325960e-01 3.967971530249110312e-01 3.932384341637010783e-01 3.920521945432977606e-01 3.962040332147093724e-01 4.027283511269276195e-01 3.926453143534994195e-01 3.908659549228944430e-01 3.997627520759193254e-01 3.956109134045077136e-01 3.932384341637010783e-01 3.985765124555160077e-01 4.092526690391459221e-01 4.056939501779359691e-01 4.187425860023724633e-01 4.199288256227757810e-01 4.223013048635824163e-01 4.062870699881376280e-01 4.098457888493475809e-01 4.116251482799525574e-01 4.092526690391459221e-01 4.092526690391459221e-01 4.068801897983392868e-01 4.145907473309608515e-01 4.080664294187426044e-01 4.080664294187426044e-01 4.157769869513641692e-01
3.772241992882562345e-01 3.718861209964413050e-01 2.550415183867141278e-01 0.000000000000000000e+00 2.941874258600237213e-01 2.977461447212336743e-01 3.131672597864768592e-01 2.799525504151838540e-01 2.781731909845788775e-01 2.793594306049821951e-01 2.763938315539739010e-01 2.787663107947805363e-01 2.995255041518386507e-01 2.965599051008303566e-01 3.754448398576512580e-01 3.534994068801898259e-01 3.552787663107948024e-01 3.534994068801898259e-01 3.552787663107948024e-01 3.884934756820878077e-01 3.879003558718860933e-01 3.861209964412811169e-01 3.778173190984578933e-01 4.015421115065243018e-01 3.914590747330961018e-01 3.837485172004744816e-01 3.843416370106761404e-01 3.914590747330961018e-01 3.855278766310794580e-01 3.795966785290628698e-01 3.647686832740213436e-01 3.517200474495847939e-01 3.582443653618030965e-01 3.523131672597864528e-01 3.576512455516014377e-01 3.861209964412811169e-01 3.991696322657176665e-01 4.003558718861209842e-01 3.991696322657176665e-01 3.920521945432977606e-01 3.778173190984578933e-01 3.867141162514827757e-01 3.867141162514827757e-01 3.979833926453143489e-01 3.932384341637010783e-01 3.861209964412811169e-01 4.068801897983392868e-01 4.056939501779359691e-01 3.979833926453143489e-01 3.884934756820878077e-01 4.110320284697508986e-01 4.080664294187426044e-01 4.092526690391459221e-01 4.039145907473309371e-01 4.098457888493475809e-01 4.157769869513641692e-01 3.956109134045077136e-01 3.967971530249110312e-01 4.074733096085409456e-01 4.003558718861209842e-01 4.068801897983392868e-01 4.027283511269276195e-01 4.151838671411625104e-01 4.080664294187426044e-01 4.056939501779359691e-01 4.116251482799525574e-01 4.122182680901542162e-01 4.128113879003558750e-01 3.896797153024911253e-01 3.920521945432977606e-01 3.973902728351126901e-01 3.985765124555160077e-01 4.080664294187426044e-01 3.884934756820878077e-01 4.062870699881376280e-01 3.997627520759193254e-01 4.045077105575325960e-01 4.039145907473309371e-01 3.932384341637010783e-01 3.890865954922894665e-01 3.967971530249110312e-01 4.039145907473309371e-01 4.015421115065243018e-01 4.068801897983392868e-01 4.021352313167259607e-01 4.068801897983392868e-01 4.163701067615658280e-01 4.139976275207591927e-01 4.134045077105575339e-01 4.139976275207591927e-01 4.033214709371292783e-01 4.122182680901542162e-01 4.145907473309608515e-01 4.045077105575325960e-01 4.175563463819691457e-01 4.110320284697508986e-01 4.021352313167259607e-01 4.169632265717674868e-01 4.223013048635824163e-01 4.228944246737841306e-01
4.056939501779359691e-01 4.068801897983392868e-01 3.161328588374851534e-01 2.941874258600237213e-01 0.000000000000000000e+00 3.060498220640569533e-01 3.161328588374851534e-01 2.823250296559904893e-01 2.965599051008303566e-01 2.935943060498220625e-01 2.823250296559904893e-01 2.805456702253855128e-01 3.434163701067615704e-01 3.457888493475682057e-01 3.991696322657176665e-01 3.855278766310794580e-01 3.801897983392645286e-01 3.760379596678529168e-01 3.855278766310794580e-01 4.122182680901542162e-01 4.080664294187426044e-01 4.080664294187426044e-01 4.062870699881376280e-01 4.134045077105575339e-01 4.163701067615658280e-01 4.163701067615658280e-01 4.074733096085409456e-01 4.128113879003558750e-01 4.098457888493475809e-01 4.080664294187426044e-01 4.009489916963226430e-01 3.701067615658362731e-01 3.867141162514827757e-01 3.790035587188612110e-01 3.813760379596678463e-01 4.276393831553974012e-01 4.359430604982206248e-01 4.234875444839857894e-01 4.234875444839857894e-01 4.234875444839857894e-01 4.110320284697508986e-01 4.139976275207591927e-01 4.157769869513641692e-01 4.145907473309608515e-01 4.169632265717674868e-01 4.074733096085409456e-01 4.306049822064056953e-01 4.306049822064056953e-01 4.110320284697508986e-01 4.039145907473309371e-01 4.181494661921708045e-01 4.110320284697508986e-01 4.181494661921708045e-01 4.169632265717674868e-01 4.246737841043891071e-01 4.234875444839857894e-01 4.258600237247924247e-01 4.246737841043891071e-01 4.163701067615658280e-01 4.234875444839857894e-01 4.169632265717674868e-01 4.139976275207591927e-01 4.317912218268090130e-01 4.436536180308422450e-01 4.317912218268090130e-01 4.400948991696322921e-01 4.460260972716488803e-01 4.418742586002372685e-01 4.128113879003558750e-01 4.128113879003558750e-01 4.181494661921708045e-01 4.193357058125741221e-01 4.217081850533807574e-01 4.104389086595492397e-01 4.157769869513641692e-01 4.228944246737841306e-01 4.211150652431790986e-01 4.145907473309608515e-01 4.151838671411625104e-01 4.080664294187426044e-01 4.086595492289442633e-01 4.116251482799525574e-01 4.234875444839857894e-01 4.193357058125741221e-01 4.223013048635824163e-01 4.311981020166073542e-01 4.270462633451957424e-01 4.424673784104389274e-01 4.454329774614472215e-01 4.454329774614472215e-01 4.205219454329774398e-01 4.175563463819691457e-01 4.264531435349940836e-01 4.234875444839857894e-01 4.205219454329774398e-01 4.157769869513641692e-01 4.199288256227757810e-01 4.347568208778173071e-01 4.406880189798339509e-01 4.371293001186239424e-01
4.015421115065243018e-01 4.009489916963226430e-01 3.149466192170818357e-01 2.977461447212336743e-01 3.060498220640569533e-01 0.000000000000000000e+00 2.811387900355871716e-01 2.740213523131672657e-01 2.680901542111506775e-01 2.692763938315539951e-01 2.651245551601423278e-01 2.615658362989323749e-01 3.422301304863582527e-01 3.463819691577698645e-01 4.015421115065243018e-01 3.689205219454329554e-01 3.677342823250296378e-01 3.701067615658362731e-01 3.689205219454329554e-01 4.104389086595492397e-01 4.104389086595492397e-01 4.104389086595492397e-01 4.051008303677342548e-01 4.027283511269276195e-01 4.104389086595492397e-01 3.985765124555160077e-01 3.979833926453143489e-01 4.104389086595492397e-01 3.950177935943060548e-01 4.015421115065243018e-01 3.914590747330961018e-01 3.902728351126927842e-01 3.843416370106761404e-01 3.706998813760379874e-01 3.706998813760379874e-01 4.056939501779359691e-01 4.211150652431790986e-01 4.157769869513641692e-01 4.145907473309608515e-01 4.027283511269276195e-01 3.973902728351126901e-01 4.062870699881376280e-01 4.003558718861209842e-01 4.015421115065243018e-01 4.110320284697508986e-01 4.045077105575325960e-01 4.187425860023724633e-01 4.181494661921708045e-01 4.134045077105575339e-01 3.908659549228944430e-01 4.193357058125741221e-01 4.181494661921708045e-01 4.205219454329774398e-01 4.246737841043891071e-01 4.306049822064056953e-01 4.282325029655990600e-01 4.228944246737841306e-01 4.234875444839857894e-01 4.157769869513641692e-01 4.134045077105575339e-01 3.979833926453143489e-01 4.039145907473309371e-01 4.306049822064056953e-01 4.246737841043891071e-01 4.240806642941874482e-01 4.270462633451957424e-01 4.252669039145907659e-01 4.383155397390272601e-01 4.104389086595492397e-01 4.128113879003558750e-01 4.145907473309608515e-01 4.199288256227757810e-01 4.074733096085409456e-01 4.110320284697508986e-01 4.074733096085409456e-01 3.997627520759193254e-01 4.080664294187426044e-01 4.051008303677342548e-01 4.039145907473309371e-01 3.979833926453143489e-01 4.068801897983392868e-01 4.056939501779359691e-01 4.145907473309608515e-01 4.074733096085409456e-01 4.080664294187426044e-01 4.104389086595492397e-01 4.163701067615658280e-01 4.157769869513641692e-01 4.175563463819691457e-01 4.181494661921708045e-01 4.128113879003558750e-01 4.151838671411625104e-01 4.110320284697508986e-01 4.175563463819691457e-01 4.151838671411625104e-01 4.157769869513641692e-01 4.062870699881376280e-01 4.383155397390272601e-01 4.306049822064056953e-01 4.306049822064056953e-01
3.991696322657176665e-01 3.997627520759193254e-01 3.345195729537366325e-01 3.131672597864768592e-01 3.161328588374851534e-01 2.811387900355871716e-01 0.000000000000000000e+00 2.829181494661921481e-01 2.858837485172004977e-01 2.912218268090154272e-01 2.870699881376038154e-01 2.864768683274021566e-01 3.523131672597864528e-01 3.511269276393831351e-01 3.979833926453143489e-01 3.742586002372479403e-01 3.790035587188612110e-01 3.742586002372479403e-01 3.790035587188612110e-01 3.991696322657176665e-01 4.056939501779359691e-01 4.104389086595492397e-01 4.062870699881376280e-01 4.240806642941874482e-01 4.139976275207591927e-01 3.956109134045077136e-01 3.967971530249110312e-01 4.051008303677342548e-01 4.039145907473309371e-01 4.027283511269276195e-01 4.086595492289442633e-01 3.944246737841043959e-01 4.003558718861209842e-01 3.962040332147093724e-01 3.884934756820878077e-01 4.240806642941874482e-01 4.335705812574139895e-01 4.234875444839857894e-01 4.211150652431790986e-01 4.217081850533807574e-01 4.092526690391459221e-01 4.193357058125741221e-01 4.134045077105575339e-01 4.015421115065243018e-01 4.139976275207591927e-01 4.086595492289442633e-01 4.234875444839857894e-01 4.217081850533807574e-01 4.187425860023724633e-01 3.979833926453143489e-01 4.418742586002372685e-01 4.424673784104389274e-01 4.359430604982206248e-01 4.359430604982206248e-01 4.436536180308422450e-01 4.371293001186239424e-01 4.246737841043891071e-01 4.258600237247924247e-01 4.353499406880189659e-01 4.169632265717674868e-01 4.151838671411625104e-01 4.145907473309608515e-01 4.306049822064056953e-01 4.317912218268090130e-01 4.347568208778173071e-01 4.335705812574139895e-01 4.329774614472123306e-01 4.400948991696322921e-01 4.181494661921708045e-01 4.157769869513641692e-01 4.193357058125741221e-01 4.187425860023724633e-01 4.264531435349940836e-01 4.205219454329774398e-01 4.175563463819691457e-01 4.187425860023724633e-01 4.169632265717674868e-01 4.199288256227757810e-01 4.151838671411625104e-01 4.151838671411625104e-01 4.110320284697508986e-01 4.240806642941874482e-01 4.199288256227757810e-01 4.211150652431790986e-01 4.169632265717674868e-01 4.223013048635824163e-01 4.276393831553974012e-01 4.258600237247924247e-01 4.300118623962040365e-01 4.311981020166073542e-01 4.223013048635824163e-01 4.252669039145907659e-01 4.205219454329774398e-01 4.234875444839857894e-01 4.240806642941874482e-01 4.234875444839857894e-01 4.211150652431790986e-01 4.317912218268090130e-01 4.270462633451957424e-01 4.365361803084222836e-01
3.890865954922894665e-01 3.902728351126927842e-01 3.090154211150652475e-01 2.799525504151838540e-01 2.823250296559904893e-01 2.740213523131672657e-01 2.829181494661921481e-01 0.000000000000000000e+00 1.619217081850533868e-01 2.330960854092526680e-01 2.194543297746144594e-01 2.164887307236061653e-01 3.327402135231316560e-01 3.333333333333333148e-01 3.902728351126927842e-01 3.647686832740213436e-01 3.677342823250296378e-01 3.689205219454329554e-01 3.748517200474495992e-01 3.932384341637010783e-01 3.861209964412811169e-01 3.890865954922894665e-01 3.997627520759193254e-01 3.979833926453143489e-01 4.009489916963226430e-01 3.908659549228944430e-01 3.896797153024911253e-01 3.938315539739027371e-01 3.997627520759193254e-01 4.045077105575325960e-01 3.801897983392645286e-01 3.778173190984578933e-01 3.908659549228944430e-01 3.801897983392645286e-01 3.807829181494661874e-01 4.033214709371292783e-01 4.258600237247924247e-01 4.187425860023724633e-01 4.193357058125741221e-01 4.098457888493475809e-01 4.015421115065243018e-01 3.973902728351126901e-01 4.045077105575325960e-01 4.021352313167259607e-01 4.110320284697508986e-01 4.074733096085409456e-01 4.104389086595492397e-01 4.116251482799525574e-01 3.985765124555160077e-01 3.879003558718860933e-01 4.228944246737841306e-01 4.151838671411625104e-01 4.122182680901542162e-01 4.175563463819691457e-01 4.228944246737841306e-01 4.228944246737841306e-01 4.134045077105575339e-01 4.128113879003558750e-01 4.134045077105575339e-01 4.134045077105575339e-01 4.199288256227757810e-01 4.139976275207591927e-01 4.323843416370106718e-01 4.371293001186239424e-01 4.353499406880189659e-01 4.383155397390272601e-01 4.442467378410439038e-01 4.341637010676156483e-01 4.045077105575325960e-01 4.074733096085409456e-01 4.122182680901542162e-01 4.056939501779359691e-01 4.151838671411625104e-01 4.128113879003558750e-01 4.068801897983392868e-01 4.169632265717674868e-01 4.092526690391459221e-01 4.116251482799525574e-01 3.997627520759193254e-01 4.033214709371292783e-01 4.139976275207591927e-01 4.045077105575325960e-01 4.092526690391459221e-01 4.104389086595492397e-01 4.033214709371292783e-01 4.252669039145907659e-01 4.205219454329774398e-01 4.264531435349940836e-01 4.300118623962040365e-01 4.306049822064056953e-01 4.151838671411625104e-01 4.110320284697508986e-01 4.217081850533807574e-01 4.181494661921708045e-01 4.175563463819691457e-01 4.199288256227757810e-01 4.139976275207591927e-01 4.329774614472123306e-01 4.306049822064056953e-01 4.365361803084222836e-01
3.914590747330961018e-01 3.896797153024911253e-01 3.137603795966785181e-01 2.781731909845788775e-01 2.965599051008303566e-01 2.680901542111506775e-01 2.858837485172004977e-01 1.619217081850533868e-01 0.000000000000000000e+00 2.307236061684460326e-01 2.141162514827995300e-01 2.141162514827995300e-01 3.345195729537366325e-01 3.339264531435349737e-01 4.056939501779359691e-01 3.736654804270462815e-01 3.659549228944246613e-01 3.748517200474495992e-01 3.754448398576512580e-01 3.991696322657176665e-01 3.795966785290628698e-01 3.855278766310794580e-01 3.920521945432977606e-01 4.039145907473309371e-01 4.056939501779359691e-01 3.944246737841043959e-01 3.896797153024911253e-01 3.902728351126927842e-01 3.867141162514827757e-01 3.967971530249110312e-01 3.902728351126927842e-01 3.801897983392645286e-01 3.873072360616844345e-01 3.754448398576512580e-01 3.706998813760379874e-01 4.074733096085409456e-01 4.234875444839857894e-01 4.151838671411625104e-01 4.145907473309608515e-01 4.086595492289442633e-01 4.092526690391459221e-01 4.003558718861209842e-01 3.997627520759193254e-01 3.991696322657176665e-01 4.051008303677342548e-01 3.956109134045077136e-01 4.015421115065243018e-01 4.027283511269276195e-01 3.973902728351126901e-01 3.920521945432977606e-01 4.270462633451957424e-01 4.199288256227757810e-01 4.145907473309608515e-01 4.223013048635824163e-01 4.300118623962040365e-01 4.323843416370106718e-01 4.264531435349940836e-01 4.288256227758007189e-01 4.217081850533807574e-01 4.086595492289442633e-01 4.139976275207591927e-01 4.056939501779359691e-01 4.246737841043891071e-01 4.264531435349940836e-01 4.240806642941874482e-01 4.258600237247924247e-01 4.288256227758007189e-01 4.258600237247924247e-01 4.104389086595492397e-01 3.967971530249110312e-01 4.033214709371292783e-01 4.033214709371292783e-01 4.092526690391459221e-01 4.134045077105575339e-01 4.110320284697508986e-01 4.139976275207591927e-01 4.062870699881376280e-01 4.051008303677342548e-01 4.039145907473309371e-01 4.092526690391459221e-01 4.086595492289442633e-01 4.098457888493475809e-01 4.045077105575325960e-01 4.092526690391459221e-01 4.134045077105575339e-01 4.199288256227757810e-01 4.175563463819691457e-01 4.270462633451957424e-01 4.264531435349940836e-01 4.276393831553974012e-01 4.163701067615658280e-01 4.128113879003558750e-01 4.110320284697508986e-01 4.056939501779359691e-01 4.110320284697508986e-01 4.187425860023724633e-01 4.074733096085409456e-01 4.353499406880189659e-01 4.323843416370106718e-01 4.371293001186239424e-01
3.896797153024911253e-01 3.902728351126927842e-01 2.995255041518386507e-01 2.793594306049821951e-01 2.935943060498220625e-01 2.692763938315539951e-01 2.912218268090154272e-01 2.330960854092526680e-01 2.307236061684460326e-01 0.000000000000000000e+00 1.014234875444839923e-01 9.964412811387900193e-02 3.309608540925266795e-01 3.380782918149466409e-01 3.873072360616844345e-01 3.701067615658362731e-01 3.701067615658362731e-01 3.742586002372479403e-01 3.742586002372479403e-01 3.884934756820878077e-01 3.967971530249110312e-01 3.920521945432977606e-01 3.932384341637010783e-01 3.991696322657176665e-01 4.015421115065243018e-01 3.991696322657176665e-01 3.926453143534994195e-01 3.991696322657176665e-01 3.932384341637010783e-01 3.950177935943060548e-01 3.861209964412811169e-01 3.641755634638196848e-01 3.790035587188612110e-01 3.748517200474495992e-01 3.766310794780545756e-01 4.056939501779359691e-01 4.187425860023724633e-01 4.086595492289442633e-01 4.098457888493475809e-01 4.139976275207591927e-01 3.991696322657176665e-01 3.956109134045077136e-01 4.033214709371292783e-01 4.021352313167259607e-01 4.027283511269276195e-01 4.045077105575325960e-01 4.205219454329774398e-01 4.211150652431790986e-01 4.080664294187426044e-01 3.991696322657176665e-01 4.086595492289442633e-01 4.080664294187426044e-01 4.145907473309608515e-01 4.151838671411625104e-01 4.341637010676156483e-01 4.246737841043891071e-01 4.163701067615658280e-01 4.151838671411625104e-01 4.151838671411625104e-01 4.139976275207591927e-01 4.145907473309608515e-01 4.027283511269276195e-01 4.270462633451957424e-01 4.240806642941874482e-01 4.205219454329774398e-01 4.252669039145907659e-01 4.270462633451957424e-01 4.187425860023724633e-01 4.062870699881376280e-01 4.039145907473309371e-01 4.039145907473309371e-01 4.033214709371292783e-01 4.074733096085409456e-01 4.045077105575325960e-01 4.128113879003558750e-01 4.086595492289442633e-01 4.098457888493475809e-01 4.098457888493475809e-01 3.985765124555160077e-01 3.896797153024911253e-01 4.056939501779359691e-01 4.027283511269276195e-01 4.181494661921708045e-01 4.068801897983392868e-01 4.080664294187426044e-01 4.086595492289442633e-01 4.169632265717674868e-01 4.139976275207591927e-01 4.151838671411625104e-01 4.157769869513641692e-01 4.092526690391459221e-01 4.104389086595492397e-01 4.116251482799525574e-01 4.145907473309608515e-01 4.157769869513641692e-01 4.104389086595492397e-01 4.122182680901542162e-01 4.228944246737841306e-01 4.317912218268090130e-01 4.329774614472123306e-01
3.956109134045077136e-01 3.950177935943060548e-01 2.953736654804270390e-01 2.763938315539739010e-01 2.823250296559904893e-01 2.651245551601423278e-01 2.870699881376038154e-01 2.194543297746144594e-01 2.141162514827995300e-01 1.014234875444839923e-01 0.000000000000000000e+00 1.186239620403321468e-02 3.297746144721233619e-01 3.368920521945433233e-01 3.890865954922894665e-01 3.736654804270462815e-01 3.683274021352312966e-01 3.706998813760379874e-01 3.701067615658362731e-01 3.932384341637010783e-01 3.861209964412811169e-01 3.831553973902728227e-01 3.890865954922894665e-01 3.956109134045077136e-01 3.962040332147093724e-01 4.003558718861209842e-01 3.932384341637010783e-01 3.973902728351126901e-01 3.967971530249110312e-01 4.027283511269276195e-01 3.849347568208777992e-01 3.671411625148279789e-01 3.790035587188612110e-01 3.748517200474495992e-01 3.772241992882562345e-01 4.021352313167259607e-01 4.134045077105575339e-01 4.021352313167259607e-01 4.056939501779359691e-01 4.122182680901542162e-01 3.932384341637010783e-01 3.985765124555160077e-01 4.039145907473309371e-01 4.033214709371292783e-01 4.021352313167259607e-01 3.950177935943060548e-01 4.145907473309608515e-01 4.163701067615658280e-01 3.979833926453143489e-01 3.950177935943060548e-01 4.128113879003558750e-01 4.098457888493475809e-01 4.134045077105575339e-01 4.092526690391459221e-01 4.270462633451957424e-01 4.187425860023724633e-01 4.151838671411625104e-01 4.151838671411625104e-01 4.092526690391459221e-01 4.039145907473309371e-01 4.051008303677342548e-01 3.896797153024911253e-01 4.258600237247924247e-01 4.246737841043891071e-01 4.175563463819691457e-01 4.240806642941874482e-01 4.294187425860023777e-01 4.139976275207591927e-01 3.997627520759193254e-01 3.908659549228944430e-01 3.950177935943060548e-01 3.991696322657176665e-01 4.051008303677342548e-01 3.926453143534994195e-01 4.033214709371292783e-01 4.033214709371292783e-01 3.967971530249110312e-01 3.997627520759193254e-01 3.979833926453143489e-01 3.902728351126927842e-01 3.973902728351126901e-01 4.003558718861209842e-01 4.104389086595492397e-01 4.116251482799525574e-01 4.169632265717674868e-01 4.021352313167259607e-01 4.021352313167259607e-01 4.139976275207591927e-01 4.139976275207591927e-01 4.145907473309608515e-01 4.009489916963226430e-01 4.068801897983392868e-01 4.062870699881376280e-01 4.039145907473309371e-01 4.110320284697508986e-01 3.979833926453143489e-01 4.039145907473309371e-01 4.163701067615658280e-01 4.252669039145907659e-01 4.294187425860023777e-01
3.926453143534994195e-01 3.914590747330961018e-01 2.953736654804270390e-01 2.787663107947805363e-01 2.805456702253855128e-01 2.615658362989323749e-01 2.864768683274021566e-01 2.164887307236061653e-01 2.141162514827995300e-01 9.964412811387900193e-02 1.186239620403321468e-02 0.000000000000000000e+00 3.268090154211150677e-01 3.351126927639382913e-01 3.902728351126927842e-01 3.760379596678529168e-01 3.706998813760379874e-01 3.706998813760379874e-01 3.701067615658362731e-01 3.908659549228944430e-01 3.890865954922894665e-01 3.861209964412811169e-01 3.914590747330961018e-01 3.985765124555160077e-01 3.997627520759193254e-01 4.003558718861209842e-01 3.926453143534994195e-01 3.991696322657176665e-01 3.944246737841043959e-01 3.985765124555160077e-01 3.855278766310794580e-01 3.695136417556346142e-01 3.801897983392645286e-01 3.760379596678529168e-01 3.766310794780545756e-01 4.027283511269276195e-01 4.163701067615658280e-01 4.056939501779359691e-01 4.086595492289442633e-01 4.139976275207591927e-01 3.973902728351126901e-01 4.003558718861209842e-01 4.051008303677342548e-01 3.985765124555160077e-01 4.027283511269276195e-01 3.991696322657176665e-01 4.139976275207591927e-01 4.157769869513641692e-01 3.985765124555160077e-01 3.938315539739027371e-01 4.139976275207591927e-01 4.116251482799525574e-01 4.145907473309608515e-01 4.110320284697508986e-01 4.282325029655990600e-01 4.228944246737841306e-01 4.151838671411625104e-01 4.151838671411625104e-01 4.104389086595492397e-01 4.051008303677342548e-01 4.003558718861209842e-01 3.873072360616844345e-01 4.258600237247924247e-01 4.246737841043891071e-01 4.187425860023724633e-01 4.240806642941874482e-01 4.276393831553974012e-01 4.169632265717674868e-01 3.985765124555160077e-01 3.920521945432977606e-01 3.950177935943060548e-01 3.967971530249110312e-01 4.039145907473309371e-01 3.950177935943060548e-01 4.027283511269276195e-01 4.056939501779359691e-01 3.979833926453143489e-01 4.009489916963226430e-01 3.979833926453143489e-01 3.896797153024911253e-01 3.962040332147093724e-01 4.009489916963226430e-01 4.110320284697508986e-01 4.122182680901542162e-01 4.199288256227757810e-01 4.015421115065243018e-01 4.003558718861209842e-01 4.122182680901542162e-01 4.139976275207591927e-01 4.145907473309608515e-01 4.021352313167259607e-01 4.051008303677342548e-01 4.045077105575325960e-01 4.074733096085409456e-01 4.116251482799525574e-01 3.973902728351126901e-01 4.021352313167259607e-01 4.193357058125741221e-01 4.264531435349940836e-01 4.294187425860023777e-01
3.920521945432977606e-01 3.879003558718860933e-01 3.339264531435349737e-01 2.995255041518386507e-01 3.434163701067615704e-01 3.422301304863582527e-01 3.523131672597864528e-01 3.327402135231316560e-01 3.345195729537366325e-01 3.309608540925266795e-01 3.297746144721233619e-01 3.268090154211150677e-01 0.000000000000000000e+00 1.791221826809015483e-01 3.831553973902728227e-01 3.671411625148279789e-01 3.582443653618030965e-01 3.718861209964413050e-01 3.623962040332147083e-01 3.950177935943060548e-01 3.837485172004744816e-01 3.861209964412811169e-01 3.801897983392645286e-01 4.021352313167259607e-01 3.938315539739027371e-01 3.730723606168446227e-01 3.784104389086595521e-01 3.861209964412811169e-01 3.807829181494661874e-01 3.884934756820878077e-01 3.760379596678529168e-01 3.606168446026097318e-01 3.665480427046263201e-01 3.641755634638196848e-01 3.736654804270462815e-01 3.997627520759193254e-01 4.062870699881376280e-01 4.021352313167259607e-01 4.033214709371292783e-01 4.003558718861209842e-01 3.837485172004744816e-01 3.831553973902728227e-01 3.819691577698695051e-01 3.867141162514827757e-01 3.896797153024911253e-01 3.807829181494661874e-01 4.051008303677342548e-01 4.033214709371292783e-01 3.873072360616844345e-01 3.873072360616844345e-01 4.015421115065243018e-01 4.086595492289442633e-01 4.116251482799525574e-01 4.175563463819691457e-01 4.252669039145907659e-01 4.205219454329774398e-01 4.122182680901542162e-01 4.098457888493475809e-01 4.145907473309608515e-01 3.908659549228944430e-01 4.027283511269276195e-01 4.056939501779359691e-01 4.217081850533807574e-01 4.169632265717674868e-01 4.264531435349940836e-01 4.246737841043891071e-01 4.211150652431790986e-01 4.276393831553974012e-01 3.902728351126927842e-01 3.890865954922894665e-01 3.908659549228944430e-01 3.914590747330961018e-01 3.967971530249110312e-01 3.932384341637010783e-01 3.973902728351126901e-01 3.979833926453143489e-01 3.932384341637010783e-01 3.902728351126927842e-01 3.920521945432977606e-01 3.932384341637010783e-01 4.045077105575325960e-01 4.027283511269276195e-01 4.187425860023724633e-01 4.264531435349940836e-01 4.205219454329774398e-01 4.139976275207591927e-01 4.092526690391459221e-01 4.181494661921708045e-01 4.234875444839857894e-01 4.240806642941874482e-01 4.199288256227757810e-01 4.110320284697508986e-01 4.199288256227757810e-01 4.086595492289442633e-01 4.051008303677342548e-01 3.997627520759193254e-01 4.086595492289442633e-01 4.199288256227757810e-01 4.134045077105575339e-01 4.181494661921708045e-01
3.867141162514827757e-01 3.843416370106761404e-01 3.285883748517200442e-01 2.965599051008303566e-01 3.457888493475682057e-01 3.463819691577698645e-01 3.511269276393831351e-01 3.333333333333333148e-01 3.339264531435349737e-01 3.380782918149466409e-01 3.368920521945433233e-01 3.351126927639382913e-01 1.791221826809015483e-01 0.000000000000000000e+00 3.790035587188612110e-01 3.635824436536180260e-01 3.623962040332147083e-01 3.612099644128113907e-01 3.612099644128113907e-01 3.938315539739027371e-01 3.831553973902728227e-01 3.908659549228944430e-01 3.867141162514827757e-01 4.068801897983392868e-01 3.991696322657176665e-01 3.778173190984578933e-01 3.861209964412811169e-01 3.813760379596678463e-01 3.772241992882562345e-01 3.813760379596678463e-01 3.843416370106761404e-01 3.606168446026097318e-01 3.594306049822064142e-01 3.742586002372479403e-01 3.754448398576512580e-01 4.003558718861209842e-01 3.985765124555160077e-01 4.033214709371292783e-01 4.009489916963226430e-01 3.914590747330961018e-01 3.825622775800711639e-01 3.754448398576512580e-01 3.807829181494661874e-01 3.790035587188612110e-01 3.896797153024911253e-01 3.689205219454329554e-01 3.920521945432977606e-01 3.914590747330961018e-01 3.967971530249110312e-01 3.730723606168446227e-01 4.157769869513641692e-01 4.128113879003558750e-01 4.157769869513641692e-01 4.187425860023724633e-01 4.139976275207591927e-01 4.246737841043891071e-01 4.169632265717674868e-01 4.151838671411625104e-01 4.122182680901542162e-01 3.914590747330961018e-01 4.009489916963226430e-01 3.979833926453143489e-01 4.139976275207591927e-01 4.211150652431790986e-01 4.205219454329774398e-01 4.139976275207591927e-01 4.151838671411625104e-01 4.228944246737841306e-01 3.867141162514827757e-01 3.819691577698695051e-01 3.801897983392645286e-01 3.867141162514827757e-01 3.778173190984578933e-01 3.849347568208777992e-01 3.819691577698695051e-01 3.873072360616844345e-01 3.790035587188612110e-01 3.807829181494661874e-01 3.760379596678529168e-01 3.902728351126927842e-01 3.991696322657176665e-01 3.979833926453143489e-01 4.092526690391459221e-01 4.193357058125741221e-01 4.039145907473309371e-01 4.086595492289442633e-01 4.051008303677342548e-01 4.068801897983392868e-01 4.116251482799525574e-01 4.110320284697508986e-01 4.039145907473309371e-01 3.973902728351126901e-01 4.027283511269276195e-01 4.051008303677342548e-01 3.967971530249110312e-01 3.985765124555160077e-01 4.045077105575325960e-01 4.223013048635824163e-01 4.122182680901542162e-01 4.223013048635824163e-01
4.098457888493475809e-01 4.080664294187426044e-01 3.914590747330961018e-01 3.754448398576512580e-01 3.991696322657176665e-01 4.015421115065243018e-01 3.979833926453143489e-01 3.902728351126927842e-01 4.056939501779359691e-01 3.873072360616844345e-01 3.890865954922894665e-01 3.902728351126927842e-01 3.831553973902728227e-01 3.790035587188612110e-01 0.000000000000000000e+00 3.766310794780545756e-01 3.647686832740213436e-01 3.772241992882562345e-01 3.659549228944246613e-01 3.855278766310794580e-01 3.879003558718860933e-01 3.843416370106761404e-01 3.902728351126927842e-01 4.051008303677342548e-01 4.045077105575325960e-01 3.896797153024911253e-01 3.772241992882562345e-01 3.837485172004744816e-01 3.772241992882562345e-01 3.778173190984578933e-01 3.730723606168446227e-01 3.760379596678529168e-01 3.748517200474495992e-01 3.825622775800711639e-01 3.760379596678529168e-01 4.098457888493475809e-01 4.175563463819691457e-01 4.068801897983392868e-01 4.104389086595492397e-01 4.181494661921708045e-01 3.962040332147093724e-01 3.985765124555160077e-01 4.039145907473309371e-01 4.033214709371292783e-01 4.027283511269276195e-01 3.973902728351126901e-01 4.223013048635824163e-01 4.217081850533807574e-01 4.134045077105575339e-01 4.015421115065243018e-01 4.228944246737841306e-01 4.234875444839857894e-01 4.270462633451957424e-01 4.276393831553974012e-01 4.311981020166073542e-01 4.335705812574139895e-01 4.288256227758007189e-01 4.294187425860023777e-01 4.246737841043891071e-01 4.205219454329774398e-01 4.211150652431790986e-01 4.228944246737841306e-01 4.282325029655990600e-01 4.211150652431790986e-01 4.300118623962040365e-01 4.306049822064056953e-01 4.311981020166073542e-01 4.205219454329774398e-01 4.092526690391459221e-01 4.157769869513641692e-01 4.163701067615658280e-01 4.139976275207591927e-01 4.228944246737841306e-01 4.104389086595492397e-01 4.116251482799525574e-01 4.051008303677342548e-01 4.139976275207591927e-01 4.187425860023724633e-01 4.104389086595492397e-01 4.003558718861209842e-01 4.056939501779359691e-01 4.104389086595492397e-01 4.246737841043891071e-01 4.252669039145907659e-01 4.193357058125741221e-01 4.228944246737841306e-01 4.246737841043891071e-01 4.252669039145907659e-01 4.270462633451957424e-01 4.276393831553974012e-01 4.223013048635824163e-01 4.282325029655990600e-01 4.246737841043891071e-01 4.246737841043891071e-01 4.205219454329774398e-01 4.068801897983392868e-01 4.193357058125741221e-01 4.240806642941874482e-01 4.317912218268090130e-01 4.383155397390272601e-01
3.760379596678529168e-01 3.801897983392645286e-01 3.653618030842230024e-01 3.534994068801898259e-01 3.855278766310794580e-01 3.689205219454329554e-01 3.742586002372479403e-01 3.647686832740213436e-01 3.736654804270462815e-01 3.701067615658362731e-01 3.736654804270462815e-01 3.760379596678529168e-01 3.671411625148279789e-01 3.635824436536180260e-01 3.766310794780545756e-01 0.000000000000000000e+00 7.947805456702253246e-02 1.892052194543297761e-01 2.775800711743772187e-01 3.552787663107948024e-01 3.505338078291814763e-01 3.517200474495847939e-01 3.499406880189798175e-01 3.546856465005931436e-01 3.612099644128113907e-01 3.422301304863582527e-01 3.469750889679715233e-01 3.546856465005931436e-01 3.582443653618030965e-01 3.487544483985764998e-01 3.813760379596678463e-01 3.647686832740213436e-01 3.677342823250296378e-01 3.695136417556346142e-01 3.754448398576512580e-01 3.920521945432977606e-01 3.956109134045077136e-01 3.938315539739027371e-01 3.967971530249110312e-01 3.902728351126927842e-01 3.914590747330961018e-01 3.784104389086595521e-01 3.861209964412811169e-01 3.837485172004744816e-01 3.938315539739027371e-01 3.825622775800711639e-01 4.009489916963226430e-01 4.015421115065243018e-01 3.956109134045077136e-01 3.730723606168446227e-01 3.926453143534994195e-01 3.914590747330961018e-01 3.979833926453143489e-01 3.944246737841043959e-01 4.104389086595492397e-01 3.914590747330961018e-01 3.973902728351126901e-01 3.985765124555160077e-01 3.962040332147093724e-01 3.938315539739027371e-01 4.033214709371292783e-01 4.009489916963226430e-01 4.080664294187426044e-01 4.045077105575325960e-01 4.068801897983392868e-01 4.068801897983392868e-01 4.134045077105575339e-01 4.092526690391459221e-01 3.914590747330961018e-01 3.890865954922894665e-01 3.950177935943060548e-01 4.062870699881376280e-01 3.861209964412811169e-01 3.973902728351126901e-01 3.855278766310794580e-01 3.956109134045077136e-01 3.944246737841043959e-01 3.950177935943060548e-01 3.861209964412811169e-01 3.819691577698695051e-01 3.861209964412811169e-01 3.920521945432977606e-01 3.926453143534994195e-01 3.950177935943060548e-01 4.027283511269276195e-01 4.039145907473309371e-01 3.973902728351126901e-01 4.074733096085409456e-01 4.086595492289442633e-01 4.110320284697508986e-01 4.056939501779359691e-01 4.009489916963226430e-01 3.950177935943060548e-01 3.997627520759193254e-01 4.116251482799525574e-01 3.908659549228944430e-01 3.896797153024911253e-01 4.294187425860023777e-01 4.223013048635824163e-01 4.282325029655990600e-01
