0.000000000000000000e+00 5.038292073481569787e+03 5.050716606730510648e+03 5.070595859928816026e+03 5.045746793430934304e+03 5.048231700080722476e+03 5.040776980131357959e+03 5.045746793430934304e+03 5.043261886781146131e+03 5.048231700080722476e+03 5.010958100333899893e+03 4.986109033836018170e+03 5.001018473734747204e+03 4.996048660435170859e+03 5.008473193684111720e+03 5.010958100333899893e+03 5.003503380384535376e+03 5.008473193684111720e+03 5.035807166831781615e+03 5.010958100333899893e+03 4.986109033836018170e+03 4.998533567084959031e+03 5.005988287034323548e+03 5.020897726933052581e+03 5.015927913633476237e+03 4.996048660435170859e+03 5.005988287034323548e+03 5.003503380384535376e+03 5.013443006983688065e+03 4.998533567084959031e+03 4.996048660435170859e+03 5.010958100333899893e+03 5.010958100333899893e+03 5.013443006983688065e+03 5.020897726933052581e+03 5.025867540232628926e+03 5.018412820283264409e+03 5.020897726933052581e+03 5.065626046629239681e+03 5.023382633582840754e+03 5.043261886781146131e+03 5.025867540232628926e+03 5.030837353532205270e+03 5.008473193684111720e+03 5.015927913633476237e+03 5.018412820283264409e+03 5.035807166831781615e+03 5.023382633582840754e+03 5.030837353532205270e+03 5.015927913633476237e+03 5.015927913633476237e+03 5.025867540232628926e+03 5.033322260181993443e+03 5.040776980131357959e+03 5.043261886781146131e+03 5.035807166831781615e+03 5.035807166831781615e+03 5.045746793430934304e+03 5.020897726933052581e+03 5.020897726933052581e+03 5.028352446882417098e+03 5.033322260181993443e+03 5.030837353532205270e+03 5.028352446882417098e+03 5.025867540232628926e+03 5.035807166831781615e+03 5.030837353532205270e+03 5.050716606730510648e+03 5.040776980131357959e+03 5.038292073481569787e+03 5.035807166831781615e+03 5.043261886781146131e+03 5.038292073481569787e+03 5.030837353532205270e+03 5.028352446882417098e+03 5.023382633582840754e+03 5.060656233329663337e+03 5.035807166831781615e+03 5.033322260181993443e+03 5.040776980131357959e+03 5.040776980131357959e+03 5.063141139979451509e+03 5.063141139979451509e+03 5.063141139979451509e+03 5.060656233329663337e+03 5.068110953279027854e+03 5.075565673228392370e+03 5.068110953279027854e+03 5.065626046629239681e+03 5.043261886781146131e+03 5.035807166831781615e+03 5.043261886781146131e+03 5.063141139979451509e+03 5.060656233329663337e+03 5.080535486527968715e+03 5.075565673228392370e+03 5.070595859928816026e+03 5.070595859928816026e+03 5.063141139979451509e+03 5.063141139979451509e+03
5.038292073481569787e+03 0.000000000000000000e+00 5.050716606730510648e+03 5.070595859928816026e+03 5.045746793430934304e+03 5.048231700080722476e+03 5.040776980131357959e+03 5.045746793430934304e+03 5.043261886781146131e+03 5.048231700080722476e+03 5.010958100333899893e+03 4.986109033836018170e+03 5.001018473734747204e+03 4.996048660435170859e+03 5.008473193684111720e+03 5.010958100333899893e+03 5.003503380384535376e+03 5.008473193684111720e+03 5.035807166831781615e+03 5.010958100333899893e+03 4.986109033836018170e+03 4.998533567084959031e+03 5.005988287034323548e+03 5.020897726933052581e+03 5.015927913633476237e+03 4.996048660435170859e+03 5.005988287034323548e+03 5.003503380384535376e+03 5.013443006983688065e+03 4.998533567084959031e+03 4.996048660435170859e+03 5.010958100333899893e+03 5.010958100333899893e+03 5.013443006983688065e+03 5.020897726933052581e+03 5.025867540232628926e+03 5.018412820283264409e+03 5.020897726933052581e+03 5.065626046629239681e+03 5.023382633582840754e+03 5.043261886781146131e+03 5.025867540232628926e+03 5.030837353532205270e+03 5.008473193684111720e+03 5.015927913633476237e+03 5.018412820283264409e+03 5.035807166831781615e+03 5.023382633582840754e+03 5.030837353532205270e+03 5.015927913633476237e+03 5.015927913633476237e+03 5.025867540232628926e+03 5.033322260181993443e+03 5.040776980131357959e+03 5.043261886781146131e+03 5.035807166831781615e+03 5.035807166831781615e+03 5.045746793430934304e+03 5.020897726933052581e+03 5.020897726933052581e+03 5.028352446882417098e+03 5.033322260181993443e+03 5.030837353532205270e+03 5.028352446882417098e+03 5.025867540232628926e+03 5.035807166831781615e+03 5.030837353532205270e+03 5.050716606730510648e+03 5.040776980131357959e+03 5.038292073481569787e+03 5.035807166831781615e+03 5.043261886781146131e+03 5.038292073481569787e+03 5.030837353532205270e+03 5.028352446882417098e+03 5.023382633582840754e+03 5.060656233329663337e+03 5.035807166831781615e+03 5.033322260181993443e+03 5.040776980131357959e+03 5.040776980131357959e+03 5.063141139979451509e+03 5.063141139979451509e+03 5.063141139979451509e+03 5.060656233329663337e+03 5.068110953279027854e+03 5.075565673228392370e+03 5.068110953279027854e+03 5.065626046629239681e+03 5.043261886781146131e+03 5.035807166831781615e+03 5.043261886781146131e+03 5.063141139979451509e+03 5.060656233329663337e+03 5.080535486527968715e+03 5.075565673228392370e+03 5.070595859928816026e+03 5.070595859928816026e+03 5.063141139979451509e+03 5.063141139979451509e+03
5.050716606730510648e+03 5.050716606730510648e+03 0.000000000000000000e+00 5.083020393177756887e+03 5.058171326679875165e+03 5.060656233329663337e+03 5.053201513380298820e+03 5.058171326679875165e+03 5.055686420030086992e+03 5.060656233329663337e+03 5.023382633582840754e+03 4.998533567084959031e+03 5.013443006983688065e+03 5.008473193684111720e+03 5.020897726933052581e+03 5.023382633582840754e+03 5.015927913633476237e+03 5.020897726933052581e+03 5.048231700080722476e+03 5.023382633582840754e+03 4.998533567084959031e+03 5.010958100333899893e+03 5.018412820283264409e+03 5.033322260181993443e+03 5.028352446882417098e+03 5.008473193684111720e+03 5.018412820283264409e+03 5.015927913633476237e+03 5.025867540232628926e+03 5.010958100333899893e+03 5.008473193684111720e+03 5.023382633582840754e+03 5.023382633582840754e+03 5.025867540232628926e+03 5.033322260181993443e+03 5.038292073481569787e+03 5.030837353532205270e+03 5.033322260181993443e+03 5.078050579878180542e+03 5.035807166831781615e+03 5.055686420030086992e+03 5.038292073481569787e+03 5.043261886781146131e+03 5.020897726933052581e+03 5.028352446882417098e+03 5.030837353532205270e+03 5.048231700080722476e+03 5.035807166831781615e+03 5.043261886781146131e+03 5.028352446882417098e+03 5.028352446882417098e+03 5.038292073481569787e+03 5.045746793430934304e+03 5.053201513380298820e+03 5.055686420030086992e+03 5.048231700080722476e+03 5.048231700080722476e+03 5.058171326679875165e+03 5.033322260181993443e+03 5.033322260181993443e+03 5.040776980131357959e+03 5.045746793430934304e+03 5.043261886781146131e+03 5.040776980131357959e+03 5.038292073481569787e+03 5.048231700080722476e+03 5.043261886781146131e+03 5.063141139979451509e+03 5.053201513380298820e+03 5.050716606730510648e+03 5.048231700080722476e+03 5.055686420030086992e+03 5.050716606730510648e+03 5.043261886781146131e+03 5.040776980131357959e+03 5.035807166831781615e+03 5.073080766578604198e+03 5.048231700080722476e+03 5.045746793430934304e+03 5.053201513380298820e+03 5.053201513380298820e+03 5.075565673228392370e+03 5.075565673228392370e+03 5.075565673228392370e+03 5.073080766578604198e+03 5.080535486527968715e+03 5.087990206477333231e+03 5.080535486527968715e+03 5.078050579878180542e+03 5.055686420030086992e+03 5.048231700080722476e+03 5.055686420030086992e+03 5.075565673228392370e+03 5.073080766578604198e+03 5.092960019776909576e+03 5.087990206477333231e+03 5.083020393177756887e+03 5.083020393177756887e+03 5.075565673228392370e+03 5.075565673228392370e+03
5.070595859928816026e+03 5.070595859928816026e+03 5.083020393177756887e+03 0.000000000000000000e+00 5.078050579878180542e+03 5.080535486527968715e+03 5.073080766578604198e+03 5.078050579878180542e+03 5.075565673228392370e+03 5.080535486527968715e+03 5.043261886781146131e+03 5.018412820283264409e+03 5.033322260181993443e+03 5.028352446882417098e+03 5.040776980131357959e+03 5.043261886781146131e+03 5.035807166831781615e+03 5.040776980131357959e+03 5.068110953279027854e+03 5.043261886781146131e+03 5.018412820283264409e+03 5.030837353532205270e+03 5.038292073481569787e+03 5.053201513380298820e+03 5.048231700080722476e+03 5.028352446882417098e+03 5.038292073481569787e+03 5.035807166831781615e+03 5.045746793430934304e+03 5.030837353532205270e+03 5.028352446882417098e+03 5.043261886781146131e+03 5.043261886781146131e+03 5.045746793430934304e+03 5.053201513380298820e+03 5.058171326679875165e+03 5.050716606730510648e+03 5.053201513380298820e+03 5.097929833076485920e+03 5.055686420030086992e+03 5.075565673228392370e+03 5.058171326679875165e+03 5.063141139979451509e+03 5.040776980131357959e+03 5.048231700080722476e+03 5.050716606730510648e+03 5.068110953279027854e+03 5.055686420030086992e+03 5.063141139979451509e+03 5.048231700080722476e+03 5.048231700080722476e+03 5.058171326679875165e+03 5.065626046629239681e+03 5.073080766578604198e+03 5.075565673228392370e+03 5.068110953279027854e+03 5.068110953279027854e+03 5.078050579878180542e+03 5.053201513380298820e+03 5.053201513380298820e+03 5.060656233329663337e+03 5.065626046629239681e+03 5.063141139979451509e+03 5.060656233329663337e+03 5.058171326679875165e+03 5.068110953279027854e+03 5.063141139979451509e+03 5.083020393177756887e+03 5.073080766578604198e+03 5.070595859928816026e+03 5.068110953279027854e+03 5.075565673228392370e+03 5.070595859928816026e+03 5.063141139979451509e+03 5.060656233329663337e+03 5.055686420030086992e+03 5.092960019776909576e+03 5.068110953279027854e+03 5.065626046629239681e+03 5.073080766578604198e+03 5.073080766578604198e+03 5.095444926426697748e+03 5.095444926426697748e+03 5.095444926426697748e+03 5.092960019776909576e+03 5.100414739726274092e+03 5.107869459675638609e+03 5.100414739726274092e+03 5.097929833076485920e+03 5.075565673228392370e+03 5.068110953279027854e+03 5.075565673228392370e+03 5.095444926426697748e+03 5.092960019776909576e+03 5.112839272975214953e+03 5.107869459675638609e+03 5.102899646376062265e+03 5.102899646376062265e+03 5.095444926426697748e+03 5.095444926426697748e+03
5.045746793430934304e+03 5.045746793430934304e+03 5.058171326679875165e+03 5.078050579878180542e+03 0.000000000000000000e+00 5.055686420030086992e+03 5.048231700080722476e+03 5.053201513380298820e+03 5.050716606730510648e+03 5.055686420030086992e+03 5.018412820283264409e+03 4.993563753785382687e+03 5.008473193684111720e+03 5.003503380384535376e+03 5.015927913633476237e+03 5.018412820283264409e+03 5.010958100333899893e+03 5.015927913633476237e+03 5.043261886781146131e+03 5.018412820283264409e+03 4.993563753785382687e+03 5.005988287034323548e+03 5.013443006983688065e+03 5.028352446882417098e+03 5.023382633582840754e+03 5.003503380384535376e+03 5.013443006983688065e+03 5.010958100333899893e+03 5.020897726933052581e+03 5.005988287034323548e+03 5.003503380384535376e+03 5.018412820283264409e+03 5.018412820283264409e+03 5.020897726933052581e+03 5.028352446882417098e+03 5.033322260181993443e+03 5.025867540232628926e+03 5.028352446882417098e+03 5.073080766578604198e+03 5.030837353532205270e+03 5.050716606730510648e+03 5.033322260181993443e+03 5.038292073481569787e+03 5.015927913633476237e+03 5.023382633582840754e+03 5.025867540232628926e+03 5.043261886781146131e+03 5.030837353532205270e+03 5.038292073481569787e+03 5.023382633582840754e+03 5.023382633582840754e+03 5.033322260181993443e+03 5.040776980131357959e+03 5.048231700080722476e+03 5.050716606730510648e+03 5.043261886781146131e+03 5.043261886781146131e+03 5.053201513380298820e+03 5.028352446882417098e+03 5.028352446882417098e+03 5.035807166831781615e+03 5.040776980131357959e+03 5.038292073481569787e+03 5.035807166831781615e+03 5.033322260181993443e+03 5.043261886781146131e+03 5.038292073481569787e+03 5.058171326679875165e+03 5.048231700080722476e+03 5.045746793430934304e+03 5.043261886781146131e+03 5.050716606730510648e+03 5.045746793430934304e+03 5.038292073481569787e+03 5.035807166831781615e+03 5.030837353532205270e+03 5.068110953279027854e+03 5.043261886781146131e+03 5.040776980131357959e+03 5.048231700080722476e+03 5.048231700080722476e+03 5.070595859928816026e+03 5.070595859928816026e+03 5.070595859928816026e+03 5.068110953279027854e+03 5.075565673228392370e+03 5.083020393177756887e+03 5.075565673228392370e+03 5.073080766578604198e+03 5.050716606730510648e+03 5.043261886781146131e+03 5.050716606730510648e+03 5.070595859928816026e+03 5.068110953279027854e+03 5.087990206477333231e+03 5.083020393177756887e+03 5.078050579878180542e+03 5.078050579878180542e+03 5.070595859928816026e+03 5.070595859928816026e+03
5.048231700080722476e+03 5.048231700080722476e+03 5.060656233329663337e+03 5.080535486527968715e+03 5.055686420030086992e+03 0.000000000000000000e+00 5.050716606730510648e+03 5.055686420030086992e+03 5.053201513380298820e+03 5.058171326679875165e+03 5.020897726933052581e+03 4.996048660435170859e+03 5.010958100333899893e+03 5.005988287034323548e+03 5.018412820283264409e+03 5.020897726933052581e+03 5.013443006983688065e+03 5.018412820283264409e+03 5.045746793430934304e+03 5.020897726933052581e+03 4.996048660435170859e+03 5.008473193684111720e+03 5.015927913633476237e+03 5.030837353532205270e+03 5.025867540232628926e+03 5.005988287034323548e+03 5.015927913633476237e+03 5.013443006983688065e+03 5.023382633582840754e+03 5.008473193684111720e+03 5.005988287034323548e+03 5.020897726933052581e+03 5.020897726933052581e+03 5.023382633582840754e+03 5.030837353532205270e+03 5.035807166831781615e+03 5.028352446882417098e+03 5.030837353532205270e+03 5.075565673228392370e+03 5.033322260181993443e+03 5.053201513380298820e+03 5.035807166831781615e+03 5.040776980131357959e+03 5.018412820283264409e+03 5.025867540232628926e+03 5.028352446882417098e+03 5.045746793430934304e+03 5.033322260181993443e+03 5.040776980131357959e+03 5.025867540232628926e+03 5.025867540232628926e+03 5.035807166831781615e+03 5.043261886781146131e+03 5.050716606730510648e+03 5.053201513380298820e+03 5.045746793430934304e+03 5.045746793430934304e+03 5.055686420030086992e+03 5.030837353532205270e+03 5.030837353532205270e+03 5.038292073481569787e+03 5.043261886781146131e+03 5.040776980131357959e+03 5.038292073481569787e+03 5.035807166831781615e+03 5.045746793430934304e+03 5.040776980131357959e+03 5.060656233329663337e+03 5.050716606730510648e+03 5.048231700080722476e+03 5.045746793430934304e+03 5.053201513380298820e+03 5.048231700080722476e+03 5.040776980131357959e+03 5.038292073481569787e+03 5.033322260181993443e+03 5.070595859928816026e+03 5.045746793430934304e+03 5.043261886781146131e+03 5.050716606730510648e+03 5.050716606730510648e+03 5.073080766578604198e+03 5.073080766578604198e+03 5.073080766578604198e+03 5.070595859928816026e+03 5.078050579878180542e+03 5.085505299827545059e+03 5.078050579878180542e+03 5.075565673228392370e+03 5.053201513380298820e+03 5.045746793430934304e+03 5.053201513380298820e+03 5.073080766578604198e+03 5.070595859928816026e+03 5.090475113127121404e+03 5.085505299827545059e+03 5.080535486527968715e+03 5.080535486527968715e+03 5.073080766578604198e+03 5.073080766578604198e+03
5.040776980131357959e+03 5.040776980131357959e+03 5.053201513380298820e+03 5.073080766578604198e+03 5.048231700080722476e+03 5.050716606730510648e+03 0.000000000000000000e+00 5.048231700080722476e+03 5.045746793430934304e+03 5.050716606730510648e+03 5.013443006983688065e+03 4.988593940485806343e+03 5.003503380384535376e+03 4.998533567084959031e+03 5.010958100333899893e+03 5.013443006983688065e+03 5.005988287034323548e+03 5.010958100333899893e+03 5.038292073481569787e+03 5.013443006983688065e+03 4.988593940485806343e+03 5.001018473734747204e+03 5.008473193684111720e+03 5.023382633582840754e+03 5.018412820283264409e+03 4.998533567084959031e+03 5.008473193684111720e+03 5.005988287034323548e+03 5.015927913633476237e+03 5.001018473734747204e+03 4.998533567084959031e+03 5.013443006983688065e+03 5.013443006983688065e+03 5.015927913633476237e+03 5.023382633582840754e+03 5.028352446882417098e+03 5.020897726933052581e+03 5.023382633582840754e+03 5.068110953279027854e+03 5.025867540232628926e+03 5.045746793430934304e+03 5.028352446882417098e+03 5.033322260181993443e+03 5.010958100333899893e+03 5.018412820283264409e+03 5.020897726933052581e+03 5.038292073481569787e+03 5.025867540232628926e+03 5.033322260181993443e+03 5.018412820283264409e+03 5.018412820283264409e+03 5.028352446882417098e+03 5.035807166831781615e+03 5.043261886781146131e+03 5.045746793430934304e+03 5.038292073481569787e+03 5.038292073481569787e+03 5.048231700080722476e+03 5.023382633582840754e+03 5.023382633582840754e+03 5.030837353532205270e+03 5.035807166831781615e+03 5.033322260181993443e+03 5.030837353532205270e+03 5.028352446882417098e+03 5.038292073481569787e+03 5.033322260181993443e+03 5.053201513380298820e+03 5.043261886781146131e+03 5.040776980131357959e+03 5.038292073481569787e+03 5.045746793430934304e+03 5.040776980131357959e+03 5.033322260181993443e+03 5.030837353532205270e+03 5.025867540232628926e+03 5.063141139979451509e+03 5.038292073481569787e+03 5.035807166831781615e+03 5.043261886781146131e+03 5.043261886781146131e+03 5.065626046629239681e+03 5.065626046629239681e+03 5.065626046629239681e+03 5.063141139979451509e+03 5.070595859928816026e+03 5.078050579878180542e+03 5.070595859928816026e+03 5.068110953279027854e+03 5.045746793430934304e+03 5.038292073481569787e+03 5.045746793430934304e+03 5.065626046629239681e+03 5.063141139979451509e+03 5.083020393177756887e+03 5.078050579878180542e+03 5.073080766578604198e+03 5.073080766578604198e+03 5.065626046629239681e+03 5.065626046629239681e+03
5.045746793430934304e+03 5.045746793430934304e+03 5.058171326679875165e+03 5.078050579878180542e+03 5.053201513380298820e+03 5.055686420030086992e+03 5.048231700080722476e+03 0.000000000000000000e+00 5.050716606730510648e+03 5.055686420030086992e+03 5.018412820283264409e+03 4.993563753785382687e+03 5.008473193684111720e+03 5.003503380384535376e+03 5.015927913633476237e+03 5.018412820283264409e+03 5.010958100333899893e+03 5.015927913633476237e+03 5.043261886781146131e+03 5.018412820283264409e+03 4.993563753785382687e+03 5.005988287034323548e+03 5.013443006983688065e+03 5.028352446882417098e+03 5.023382633582840754e+03 5.003503380384535376e+03 5.013443006983688065e+03 5.010958100333899893e+03 5.020897726933052581e+03 5.005988287034323548e+03 5.003503380384535376e+03 5.018412820283264409e+03 5.018412820283264409e+03 5.020897726933052581e+03 5.028352446882417098e+03 5.033322260181993443e+03 5.025867540232628926e+03 5.028352446882417098e+03 5.073080766578604198e+03 5.030837353532205270e+03 5.050716606730510648e+03 5.033322260181993443e+03 5.038292073481569787e+03 5.015927913633476237e+03 5.023382633582840754e+03 5.025867540232628926e+03 5.043261886781146131e+03 5.030837353532205270e+03 5.038292073481569787e+03 5.023382633582840754e+03 5.023382633582840754e+03 5.033322260181993443e+03 5.040776980131357959e+03 5.048231700080722476e+03 5.050716606730510648e+03 5.043261886781146131e+03 5.043261886781146131e+03 5.053201513380298820e+03 5.028352446882417098e+03 5.028352446882417098e+03 5.035807166831781615e+03 5.040776980131357959e+03 5.038292073481569787e+03 5.035807166831781615e+03 5.033322260181993443e+03 5.043261886781146131e+03 5.038292073481569787e+03 5.058171326679875165e+03 5.048231700080722476e+03 5.045746793430934304e+03 5.043261886781146131e+03 5.050716606730510648e+03 5.045746793430934304e+03 5.038292073481569787e+03 5.035807166831781615e+03 5.030837353532205270e+03 5.068110953279027854e+03 5.043261886781146131e+03 5.040776980131357959e+03 5.048231700080722476e+03 5.048231700080722476e+03 5.070595859928816026e+03 5.070595859928816026e+03 5.070595859928816026e+03 5.068110953279027854e+03 5.075565673228392370e+03 5.083020393177756887e+03 5.075565673228392370e+03 5.073080766578604198e+03 5.050716606730510648e+03 5.043261886781146131e+03 5.050716606730510648e+03 5.070595859928816026e+03 5.068110953279027854e+03 5.087990206477333231e+03 5.083020393177756887e+03 5.078050579878180542e+03 5.078050579878180542e+03 5.070595859928816026e+03 5.070595859928816026e+03
5.043261886781146131e+03 5.043261886781146131e+03 5.055686420030086992e+03 5.075565673228392370e+03 5.050716606730510648e+03 5.053201513380298820e+03 5.045746793430934304e+03 5.050716606730510648e+03 0.000000000000000000e+00 5.053201513380298820e+03 5.015927913633476237e+03 4.991078847135594515e+03 5.005988287034323548e+03 5.001018473734747204e+03 5.013443006983688065e+03 5.015927913633476237e+03 5.008473193684111720e+03 5.013443006983688065e+03 5.040776980131357959e+03 5.015927913633476237e+03 4.991078847135594515e+03 5.003503380384535376e+03 5.010958100333899893e+03 5.025867540232628926e+03 5.020897726933052581e+03 5.001018473734747204e+03 5.010958100333899893e+03 5.008473193684111720e+03 5.018412820283264409e+03 5.003503380384535376e+03 5.001018473734747204e+03 5.015927913633476237e+03 5.015927913633476237e+03 5.018412820283264409e+03 5.025867540232628926e+03 5.030837353532205270e+03 5.023382633582840754e+03 5.025867540232628926e+03 5.070595859928816026e+03 5.028352446882417098e+03 5.048231700080722476e+03 5.030837353532205270e+03 5.035807166831781615e+03 5.013443006983688065e+03 5.020897726933052581e+03 5.023382633582840754e+03 5.040776980131357959e+03 5.028352446882417098e+03 5.035807166831781615e+03 5.020897726933052581e+03 5.020897726933052581e+03 5.030837353532205270e+03 5.038292073481569787e+03 5.045746793430934304e+03 5.048231700080722476e+03 5.040776980131357959e+03 5.040776980131357959e+03 5.050716606730510648e+03 5.025867540232628926e+03 5.025867540232628926e+03 5.033322260181993443e+03 5.038292073481569787e+03 5.035807166831781615e+03 5.033322260181993443e+03 5.030837353532205270e+03 5.040776980131357959e+03 5.035807166831781615e+03 5.055686420030086992e+03 5.045746793430934304e+03 5.043261886781146131e+03 5.040776980131357959e+03 5.048231700080722476e+03 5.043261886781146131e+03 5.035807166831781615e+03 5.033322260181993443e+03 5.028352446882417098e+03 5.065626046629239681e+03 5.040776980131357959e+03 5.038292073481569787e+03 5.045746793430934304e+03 5.045746793430934304e+03 5.068110953279027854e+03 5.068110953279027854e+03 5.068110953279027854e+03 5.065626046629239681e+03 5.073080766578604198e+03 5.080535486527968715e+03 5.073080766578604198e+03 5.070595859928816026e+03 5.048231700080722476e+03 5.040776980131357959e+03 5.048231700080722476e+03 5.068110953279027854e+03 5.065626046629239681e+03 5.085505299827545059e+03 5.080535486527968715e+03 5.075565673228392370e+03 5.075565673228392370e+03 5.068110953279027854e+03 5.068110953279027854e+03
5.048231700080722476e+03 5.048231700080722476e+03 5.060656233329663337e+03 5.080535486527968715e+03 5.055686420030086992e+03 5.058171326679875165e+03 5.050716606730510648e+03 5.055686420030086992e+03 5.053201513380298820e+03 0.000000000000000000e+00 5.020897726933052581e+03 4.996048660435170859e+03 5.010958100333899893e+03 5.005988287034323548e+03 5.018412820283264409e+03 5.020897726933052581e+03 5.013443006983688065e+03 5.018412820283264409e+03 5.045746793430934304e+03 5.020897726933052581e+03 4.996048660435170859e+03 5.008473193684111720e+03 5.015927913633476237e+03 5.030837353532205270e+03 5.025867540232628926e+03 5.005988287034323548e+03 5.015927913633476237e+03 5.013443006983688065e+03 5.023382633582840754e+03 5.008473193684111720e+03 5.005988287034323548e+03 5.020897726933052581e+03 5.020897726933052581e+03 5.023382633582840754e+03 5.030837353532205270e+03 5.035807166831781615e+03 5.028352446882417098e+03 5.030837353532205270e+03 5.075565673228392370e+03 5.033322260181993443e+03 5.053201513380298820e+03 5.035807166831781615e+03 5.040776980131357959e+03 5.018412820283264409e+03 5.025867540232628926e+03 5.028352446882417098e+03 5.045746793430934304e+03 5.033322260181993443e+03 5.040776980131357959e+03 5.025867540232628926e+03 5.025867540232628926e+03 5.035807166831781615e+03 5.043261886781146131e+03 5.050716606730510648e+03 5.053201513380298820e+03 5.045746793430934304e+03 5.045746793430934304e+03 5.055686420030086992e+03 5.030837353532205270e+03 5.030837353532205270e+03 5.038292073481569787e+03 5.043261886781146131e+03 5.040776980131357959e+03 5.038292073481569787e+03 5.035807166831781615e+03 5.045746793430934304e+03 5.040776980131357959e+03 5.060656233329663337e+03 5.050716606730510648e+03 5.048231700080722476e+03 5.045746793430934304e+03 5.053201513380298820e+03 5.048231700080722476e+03 5.040776980131357959e+03 5.038292073481569787e+03 5.033322260181993443e+03 5.070595859928816026e+03 5.045746793430934304e+03 5.043261886781146131e+03 5.050716606730510648e+03 5.050716606730510648e+03 5.073080766578604198e+03 5.073080766578604198e+03 5.073080766578604198e+03 5.070595859928816026e+03 5.078050579878180542e+03 5.085505299827545059e+03 5.078050579878180542e+03 5.075565673228392370e+03 5.053201513380298820e+03 5.045746793430934304e+03 5.053201513380298820e+03 5.073080766578604198e+03 5.070595859928816026e+03 5.090475113127121404e+03 5.085505299827545059e+03 5.080535486527968715e+03 5.080535486527968715e+03 5.073080766578604198e+03 5.073080766578604198e+03
5.010958100333899893e+03 5.010958100333899893e+03 5.023382633582840754e+03 5.043261886781146131e+03 5.018412820283264409e+03 5.020897726933052581e+03 5.013443006983688065e+03 5.018412820283264409e+03 5.015927913633476237e+03 5.020897726933052581e+03 0.000000000000000000e+00 4.958775060688348276e+03 4.973684500587077309e+03 4.968714687287500965e+03 4.981139220536441826e+03 4.983624127186229998e+03 4.976169407236865482e+03 4.981139220536441826e+03 5.008473193684111720e+03 4.983624127186229998e+03 4.958775060688348276e+03 4.971199593937289137e+03 4.978654313886653654e+03 4.993563753785382687e+03 4.988593940485806343e+03 4.968714687287500965e+03 4.978654313886653654e+03 4.976169407236865482e+03 4.986109033836018170e+03 4.971199593937289137e+03 4.968714687287500965e+03 4.983624127186229998e+03 4.983624127186229998e+03 4.986109033836018170e+03 4.993563753785382687e+03 4.998533567084959031e+03 4.991078847135594515e+03 4.993563753785382687e+03 5.038292073481569787e+03 4.996048660435170859e+03 5.015927913633476237e+03 4.998533567084959031e+03 5.003503380384535376e+03 4.981139220536441826e+03 4.988593940485806343e+03 4.991078847135594515e+03 5.008473193684111720e+03 4.996048660435170859e+03 5.003503380384535376e+03 4.988593940485806343e+03 4.988593940485806343e+03 4.998533567084959031e+03 5.005988287034323548e+03 5.013443006983688065e+03 5.015927913633476237e+03 5.008473193684111720e+03 5.008473193684111720e+03 5.018412820283264409e+03 4.993563753785382687e+03 4.993563753785382687e+03 5.001018473734747204e+03 5.005988287034323548e+03 5.003503380384535376e+03 5.001018473734747204e+03 4.998533567084959031e+03 5.008473193684111720e+03 5.003503380384535376e+03 5.023382633582840754e+03 5.013443006983688065e+03 5.010958100333899893e+03 5.008473193684111720e+03 5.015927913633476237e+03 5.010958100333899893e+03 5.003503380384535376e+03 5.001018473734747204e+03 4.996048660435170859e+03 5.033322260181993443e+03 5.008473193684111720e+03 5.005988287034323548e+03 5.013443006983688065e+03 5.013443006983688065e+03 5.035807166831781615e+03 5.035807166831781615e+03 5.035807166831781615e+03 5.033322260181993443e+03 5.040776980131357959e+03 5.048231700080722476e+03 5.040776980131357959e+03 5.038292073481569787e+03 5.015927913633476237e+03 5.008473193684111720e+03 5.015927913633476237e+03 5.035807166831781615e+03 5.033322260181993443e+03 5.053201513380298820e+03 5.048231700080722476e+03 5.043261886781146131e+03 5.043261886781146131e+03 5.035807166831781615e+03 5.035807166831781615e+03
4.986109033836018170e+03 4.986109033836018170e+03 4.998533567084959031e+03 5.018412820283264409e+03 4.993563753785382687e+03 4.996048660435170859e+03 4.988593940485806343e+03 4.993563753785382687e+03 4.991078847135594515e+03 4.996048660435170859e+03 4.958775060688348276e+03 0.000000000000000000e+00 4.948835434089195587e+03 4.943865620789619243e+03 4.956290154038560104e+03 4.958775060688348276e+03 4.951320340738983759e+03 4.956290154038560104e+03 4.983624127186229998e+03 4.958775060688348276e+03 4.933925994190466554e+03 4.946350527439407415e+03 4.953805247388771932e+03 4.968714687287500965e+03 4.963744873987924620e+03 4.943865620789619243e+03 4.953805247388771932e+03 4.951320340738983759e+03 4.961259967338136448e+03 4.946350527439407415e+03 4.943865620789619243e+03 4.958775060688348276e+03 4.958775060688348276e+03 4.961259967338136448e+03 4.968714687287500965e+03 4.973684500587077309e+03 4.966229780637712793e+03 4.968714687287500965e+03 5.013443006983688065e+03 4.971199593937289137e+03 4.991078847135594515e+03 4.973684500587077309e+03 4.978654313886653654e+03 4.956290154038560104e+03 4.963744873987924620e+03 4.966229780637712793e+03 4.983624127186229998e+03 4.971199593937289137e+03 4.978654313886653654e+03 4.963744873987924620e+03 4.963744873987924620e+03 4.973684500587077309e+03 4.981139220536441826e+03 4.988593940485806343e+03 4.991078847135594515e+03 4.983624127186229998e+03 4.983624127186229998e+03 4.993563753785382687e+03 4.968714687287500965e+03 4.968714687287500965e+03 4.976169407236865482e+03 4.981139220536441826e+03 4.978654313886653654e+03 4.976169407236865482e+03 4.973684500587077309e+03 4.983624127186229998e+03 4.978654313886653654e+03 4.998533567084959031e+03 4.988593940485806343e+03 4.986109033836018170e+03 4.983624127186229998e+03 4.991078847135594515e+03 4.986109033836018170e+03 4.978654313886653654e+03 4.976169407236865482e+03 4.971199593937289137e+03 5.008473193684111720e+03 4.983624127186229998e+03 4.981139220536441826e+03 4.988593940485806343e+03 4.988593940485806343e+03 5.010958100333899893e+03 5.010958100333899893e+03 5.010958100333899893e+03 5.008473193684111720e+03 5.015927913633476237e+03 5.023382633582840754e+03 5.015927913633476237e+03 5.013443006983688065e+03 4.991078847135594515e+03 4.983624127186229998e+03 4.991078847135594515e+03 5.010958100333899893e+03 5.008473193684111720e+03 5.028352446882417098e+03 5.023382633582840754e+03 5.018412820283264409e+03 5.018412820283264409e+03 5.010958100333899893e+03 5.010958100333899893e+03
5.001018473734747204e+03 5.001018473734747204e+03 5.013443006983688065e+03 5.033322260181993443e+03 5.008473193684111720e+03 5.010958100333899893e+03 5.003503380384535376e+03 5.008473193684111720e+03 5.005988287034323548e+03 5.010958100333899893e+03 4.973684500587077309e+03 4.948835434089195587e+03 0.000000000000000000e+00 4.958775060688348276e+03 4.971199593937289137e+03 4.973684500587077309e+03 4.966229780637712793e+03 4.971199593937289137e+03 4.998533567084959031e+03 4.973684500587077309e+03 4.948835434089195587e+03 4.961259967338136448e+03 4.968714687287500965e+03 4.983624127186229998e+03 4.978654313886653654e+03 4.958775060688348276e+03 4.968714687287500965e+03 4.966229780637712793e+03 4.976169407236865482e+03 4.961259967338136448e+03 4.958775060688348276e+03 4.973684500587077309e+03 4.973684500587077309e+03 4.976169407236865482e+03 4.983624127186229998e+03 4.988593940485806343e+03 4.981139220536441826e+03 4.983624127186229998e+03 5.028352446882417098e+03 4.986109033836018170e+03 5.005988287034323548e+03 4.988593940485806343e+03 4.993563753785382687e+03 4.971199593937289137e+03 4.978654313886653654e+03 4.981139220536441826e+03 4.998533567084959031e+03 4.986109033836018170e+03 4.993563753785382687e+03 4.978654313886653654e+03 4.978654313886653654e+03 4.988593940485806343e+03 4.996048660435170859e+03 5.003503380384535376e+03 5.005988287034323548e+03 4.998533567084959031e+03 4.998533567084959031e+03 5.008473193684111720e+03 4.983624127186229998e+03 4.983624127186229998e+03 4.991078847135594515e+03 4.996048660435170859e+03 4.993563753785382687e+03 4.991078847135594515e+03 4.988593940485806343e+03 4.998533567084959031e+03 4.993563753785382687e+03 5.013443006983688065e+03 5.003503380384535376e+03 5.001018473734747204e+03 4.998533567084959031e+03 5.005988287034323548e+03 5.001018473734747204e+03 4.993563753785382687e+03 4.991078847135594515e+03 4.986109033836018170e+03 5.023382633582840754e+03 4.998533567084959031e+03 4.996048660435170859e+03 5.003503380384535376e+03 5.003503380384535376e+03 5.025867540232628926e+03 5.025867540232628926e+03 5.025867540232628926e+03 5.023382633582840754e+03 5.030837353532205270e+03 5.038292073481569787e+03 5.030837353532205270e+03 5.028352446882417098e+03 5.005988287034323548e+03 4.998533567084959031e+03 5.005988287034323548e+03 5.025867540232628926e+03 5.023382633582840754e+03 5.043261886781146131e+03 5.038292073481569787e+03 5.033322260181993443e+03 5.033322260181993443e+03 5.025867540232628926e+03 5.025867540232628926e+03
4.996048660435170859e+03 4.996048660435170859e+03 5.008473193684111720e+03 5.028352446882417098e+03 5.003503380384535376e+03 5.005988287034323548e+03 4.998533567084959031e+03 5.003503380384535376e+03 5.001018473734747204e+03 5.005988287034323548e+03 4.968714687287500965e+03 4.943865620789619243e+03 4.958775060688348276e+03 0.000000000000000000e+00 4.966229780637712793e+03 4.968714687287500965e+03 4.961259967338136448e+03 4.966229780637712793e+03 4.993563753785382687e+03 4.968714687287500965e+03 4.943865620789619243e+03 4.956290154038560104e+03 4.963744873987924620e+03 4.978654313886653654e+03 4.973684500587077309e+03 4.953805247388771932e+03 4.963744873987924620e+03 4.961259967338136448e+03 4.971199593937289137e+03 4.956290154038560104e+03 4.953805247388771932e+03 4.968714687287500965e+03 4.968714687287500965e+03 4.971199593937289137e+03 4.978654313886653654e+03 4.983624127186229998e+03 4.976169407236865482e+03 4.978654313886653654e+03 5.023382633582840754e+03 4.981139220536441826e+03 5.001018473734747204e+03 4.983624127186229998e+03 4.988593940485806343e+03 4.966229780637712793e+03 4.973684500587077309e+03 4.976169407236865482e+03 4.993563753785382687e+03 4.981139220536441826e+03 4.988593940485806343e+03 4.973684500587077309e+03 4.973684500587077309e+03 4.983624127186229998e+03 4.991078847135594515e+03 4.998533567084959031e+03 5.001018473734747204e+03 4.993563753785382687e+03 4.993563753785382687e+03 5.003503380384535376e+03 4.978654313886653654e+03 4.978654313886653654e+03 4.986109033836018170e+03 4.991078847135594515e+03 4.988593940485806343e+03 4.986109033836018170e+03 4.983624127186229998e+03 4.993563753785382687e+03 4.988593940485806343e+03 5.008473193684111720e+03 4.998533567084959031e+03 4.996048660435170859e+03 4.993563753785382687e+03 5.001018473734747204e+03 4.996048660435170859e+03 4.988593940485806343e+03 4.986109033836018170e+03 4.981139220536441826e+03 5.018412820283264409e+03 4.993563753785382687e+03 4.991078847135594515e+03 4.998533567084959031e+03 4.998533567084959031e+03 5.020897726933052581e+03 5.020897726933052581e+03 5.020897726933052581e+03 5.018412820283264409e+03 5.025867540232628926e+03 5.033322260181993443e+03 5.025867540232628926e+03 5.023382633582840754e+03 5.001018473734747204e+03 4.993563753785382687e+03 5.001018473734747204e+03 5.020897726933052581e+03 5.018412820283264409e+03 5.038292073481569787e+03 5.033322260181993443e+03 5.028352446882417098e+03 5.028352446882417098e+03 5.020897726933052581e+03 5.020897726933052581e+03
5.008473193684111720e+03 5.008473193684111720e+03 5.020897726933052581e+03 5.040776980131357959e+03 5.015927913633476237e+03 5.018412820283264409e+03 5.010958100333899893e+03 5.015927913633476237e+03 5.013443006983688065e+03 5.018412820283264409e+03 4.981139220536441826e+03 4.956290154038560104e+03 4.971199593937289137e+03 4.966229780637712793e+03 0.000000000000000000e+00 4.981139220536441826e+03 4.973684500587077309e+03 4.978654313886653654e+03 5.005988287034323548e+03 4.981139220536441826e+03 4.956290154038560104e+03 4.968714687287500965e+03 4.976169407236865482e+03 4.991078847135594515e+03 4.986109033836018170e+03 4.966229780637712793e+03 4.976169407236865482e+03 4.973684500587077309e+03 4.983624127186229998e+03 4.968714687287500965e+03 4.966229780637712793e+03 4.981139220536441826e+03 4.981139220536441826e+03 4.983624127186229998e+03 4.991078847135594515e+03 4.996048660435170859e+03 4.988593940485806343e+03 4.991078847135594515e+03 5.035807166831781615e+03 4.993563753785382687e+03 5.013443006983688065e+03 4.996048660435170859e+03 5.001018473734747204e+03 4.978654313886653654e+03 4.986109033836018170e+03 4.988593940485806343e+03 5.005988287034323548e+03 4.993563753785382687e+03 5.001018473734747204e+03 4.986109033836018170e+03 4.986109033836018170e+03 4.996048660435170859e+03 5.003503380384535376e+03 5.010958100333899893e+03 5.013443006983688065e+03 5.005988287034323548e+03 5.005988287034323548e+03 5.015927913633476237e+03 4.991078847135594515e+03 4.991078847135594515e+03 4.998533567084959031e+03 5.003503380384535376e+03 5.001018473734747204e+03 4.998533567084959031e+03 4.996048660435170859e+03 5.005988287034323548e+03 5.001018473734747204e+03 5.020897726933052581e+03 5.010958100333899893e+03 5.008473193684111720e+03 5.005988287034323548e+03 5.013443006983688065e+03 5.008473193684111720e+03 5.001018473734747204e+03 4.998533567084959031e+03 4.993563753785382687e+03 5.030837353532205270e+03 5.005988287034323548e+03 5.003503380384535376e+03 5.010958100333899893e+03 5.010958100333899893e+03 5.033322260181993443e+03 5.033322260181993443e+03 5.033322260181993443e+03 5.030837353532205270e+03 5.038292073481569787e+03 5.045746793430934304e+03 5.038292073481569787e+03 5.035807166831781615e+03 5.013443006983688065e+03 5.005988287034323548e+03 5.013443006983688065e+03 5.033322260181993443e+03 5.030837353532205270e+03 5.050716606730510648e+03 5.045746793430934304e+03 5.040776980131357959e+03 5.040776980131357959e+03 5.033322260181993443e+03 5.033322260181993443e+03
5.010958100333899893e+03 5.010958100333899893e+03 5.023382633582840754e+03 5.043261886781146131e+03 5.018412820283264409e+03 5.020897726933052581e+03 5.013443006983688065e+03 5.018412820283264409e+03 5.015927913633476237e+03 5.020897726933052581e+03 4.983624127186229998e+03 4.958775060688348276e+03 4.973684500587077309e+03 4.968714687287500965e+03 4.981139220536441826e+03 0.000000000000000000e+00 4.976169407236865482e+03 4.981139220536441826e+03 5.008473193684111720e+03 4.983624127186229998e+03 4.958775060688348276e+03 4.971199593937289137e+03 4.978654313886653654e+03 4.993563753785382687e+03 4.988593940485806343e+03 4.968714687287500965e+03 4.978654313886653654e+03 4.976169407236865482e+03 4.986109033836018170e+03 4.971199593937289137e+03 4.968714687287500965e+03 4.983624127186229998e+03 4.983624127186229998e+03 4.986109033836018170e+03 4.993563753785382687e+03 4.998533567084959031e+03 4.991078847135594515e+03 4.993563753785382687e+03 5.038292073481569787e+03 4.996048660435170859e+03 5.015927913633476237e+03 4.998533567084959031e+03 5.003503380384535376e+03 4.981139220536441826e+03 4.988593940485806343e+03 4.991078847135594515e+03 5.008473193684111720e+03 4.996048660435170859e+03 5.003503380384535376e+03 4.988593940485806343e+03 4.988593940485806343e+03 4.998533567084959031e+03 5.005988287034323548e+03 5.013443006983688065e+03 5.015927913633476237e+03 5.008473193684111720e+03 5.008473193684111720e+03 5.018412820283264409e+03 4.993563753785382687e+03 4.993563753785382687e+03 5.001018473734747204e+03 5.005988287034323548e+03 5.003503380384535376e+03 5.001018473734747204e+03 4.998533567084959031e+03 5.008473193684111720e+03 5.003503380384535376e+03 5.023382633582840754e+03 5.013443006983688065e+03 5.010958100333899893e+03 5.008473193684111720e+03 5.015927913633476237e+03 5.010958100333899893e+03 5.003503380384535376e+03 5.001018473734747204e+03 4.996048660435170859e+03 5.033322260181993443e+03 5.008473193684111720e+03 5.005988287034323548e+03 5.013443006983688065e+03 5.013443006983688065e+03 5.035807166831781615e+03 5.035807166831781615e+03 5.035807166831781615e+03 5.033322260181993443e+03 5.040776980131357959e+03 5.048231700080722476e+03 5.040776980131357959e+03 5.038292073481569787e+03 5.015927913633476237e+03 5.008473193684111720e+03 5.015927913633476237e+03 5.035807166831781615e+03 5.033322260181993443e+03 5.053201513380298820e+03 5.048231700080722476e+03 5.043261886781146131e+03 5.043261886781146131e+03 5.035807166831781615e+03 5.035807166831781615e+03
