0.000000000000000000e+00 1.405691015340978789e-01 2.004640834081014567e-01 2.094247634739400121e-01 1.938131382558564431e-01 1.969095743851790314e-01 1.977966235719660348e-01 1.982405419039553751e-01 2.049310412227399736e-01 2.035881581423988340e-01 2.544707977427898005e-01 2.554286522791151537e-01 2.496997892875266190e-01 2.520814997679414748e-01 2.568677317100820368e-01 2.568677317100820368e-01 2.501755266964371671e-01 2.416580849971851075e-01 2.587908096867851393e-01 2.797814410522031503e-01 2.492243534554407225e-01 2.506515660650054378e-01 2.544707977427898005e-01 2.655606815712642232e-01 2.636201888975511221e-01 2.607188313141108882e-01 2.636201888975511221e-01 2.645898076492800288e-01 2.539923288270405921e-01 2.463780502290270902e-01 2.477998516027014042e-01 2.468516845990463837e-01 2.544707977427898005e-01 2.506515660650054378e-01 2.393091948843397709e-01 2.407176460024898490e-01 2.369676381899606388e-01 2.346333692655179215e-01 2.822607821530780381e-01 2.641048415800059113e-01 2.714124667844030059e-01 2.660465902374347658e-01 2.655606815712642232e-01 2.525587508180895391e-01 2.535141649600310410e-01 2.597542009560527276e-01 2.621681071274012398e-01 2.597542009560527276e-01 2.650750875109210147e-01 2.650750875109210147e-01 2.641048415800059113e-01 2.645898076492800288e-01 2.645898076492800288e-01 2.631358491971539371e-01 2.641048415800059113e-01 2.714124667844030059e-01 2.583095777164730045e-01 2.626518220748361720e-01 2.631358491971539371e-01 2.626518220748361720e-01 2.592723506343066475e-01 2.463780502290270902e-01 2.492243534554407225e-01 2.501755266964371671e-01 2.501755266964371671e-01 2.568677317100820368e-01 2.641048415800059113e-01 2.758314648384340706e-01 2.631358491971539371e-01 2.554286522791151537e-01 2.842501732399262404e-01 2.807721941685384914e-01 2.882448564519318746e-01 2.827576354339187414e-01 2.807721941685384914e-01 2.753391773248616836e-01 2.797814410522031503e-01 2.641048415800059113e-01 2.733732522149560640e-01 2.733732522149560640e-01 2.778038525629757949e-01 2.877443559328570766e-01 2.822607821530780381e-01 2.872441891920792800e-01 2.892468606089885763e-01 2.857456871950745936e-01 2.827576354339187414e-01 2.837523305399337614e-01 2.802766540117597738e-01 2.872441891920792800e-01 2.684808669606134623e-01 2.738642505958310824e-01 2.827576354339187414e-01 2.892468606089885763e-01 2.912548939370257495e-01 2.882448564519318746e-01 2.877443559328570766e-01 2.872441891920792800e-01 2.892468606089885763e-01 2.817642578052508284e-01
1.405691015340978789e-01 0.000000000000000000e+00 1.973529678358701411e-01 2.094247634739400121e-01 1.986847231428785499e-01 1.995738755884548521e-01 2.009095838667008804e-01 2.035881581423988340e-01 2.103267479482602287e-01 2.085238624647143824e-01 2.587908096867851393e-01 2.641048415800059113e-01 2.583095777164730045e-01 2.583095777164730045e-01 2.689686718558585432e-01 2.607188313141108882e-01 2.597542009560527276e-01 2.496997892875266190e-01 2.675062079540493354e-01 2.862448552667453683e-01 2.544707977427898005e-01 2.554286522791151537e-01 2.544707977427898005e-01 2.568677317100820368e-01 2.583095777164730045e-01 2.694567942290922447e-01 2.645898076492800288e-01 2.587908096867851393e-01 2.578286543271183784e-01 2.563877316936979955e-01 2.645898076492800288e-01 2.530363057530401472e-01 2.607188313141108882e-01 2.554286522791151537e-01 2.496997892875266190e-01 2.535141649600310410e-01 2.482743849940459713e-01 2.444864981544946636e-01 2.932683179650275029e-01 2.665328139173492872e-01 2.709230703559448727e-01 2.728825750630086144e-01 2.738642505958310824e-01 2.616847039524323737e-01 2.670193530197185749e-01 2.655606815712642232e-01 2.641048415800059113e-01 2.665328139173492872e-01 2.559080386808630925e-01 2.650750875109210147e-01 2.660465902374347658e-01 2.684808669606134623e-01 2.768170103153357320e-01 2.679933791306460811e-01 2.689686718558585432e-01 2.675062079540493354e-01 2.616847039524323737e-01 2.597542009560527276e-01 2.719021827665425994e-01 2.738642505958310824e-01 2.612016121482900743e-01 2.530363057530401472e-01 2.535141649600310410e-01 2.520814997679414748e-01 2.568677317100820368e-01 2.616847039524323737e-01 2.587908096867851393e-01 2.714124667844030059e-01 2.645898076492800288e-01 2.592723506343066475e-01 2.927644549967987064e-01 2.912548939370257495e-01 2.862448552667453683e-01 2.817642578052508284e-01 2.787919949984062340e-01 2.738642505958310824e-01 2.782977610431240367e-01 2.778038525629757949e-01 2.723922187199445677e-01 2.738642505958310824e-01 2.753391773248616836e-01 2.927644549967987064e-01 2.842501732399262404e-01 2.877443559328570766e-01 2.867443557847089708e-01 2.973114544411848970e-01 2.922609303051768581e-01 2.957927229063563312e-01 2.952871617143110750e-01 2.822607821530780381e-01 2.763240756935819720e-01 2.748472127286714639e-01 2.802766540117597738e-01 2.802766540117597738e-01 2.837523305399337614e-01 2.877443559328570766e-01 2.887456911950841976e-01 2.882448564519318746e-01 2.763240756935819720e-01 2.773102691295638578e-01
2.004640834081014567e-01 1.973529678358701411e-01 0.000000000000000000e+00 1.471770737957140973e-01 1.315771682127072906e-01 1.356510511244786443e-01 1.364684898974978244e-01 2.112298184968637860e-01 2.226109170112900992e-01 2.162162375901062750e-01 2.539923288270405921e-01 2.758314648384340706e-01 2.714124667844030059e-01 2.709230703559448727e-01 2.704339930644042989e-01 2.602363610498045765e-01 2.544707977427898005e-01 2.684808669606134623e-01 2.778038525629757949e-01 2.907523813554125924e-01 2.631358491971539371e-01 2.602363610498045765e-01 2.748472127286714639e-01 2.714124667844030059e-01 2.694567942290922447e-01 2.650750875109210147e-01 2.719021827665425994e-01 2.714124667844030059e-01 2.583095777164730045e-01 2.592723506343066475e-01 2.621681071274012398e-01 2.563877316936979955e-01 2.714124667844030059e-01 2.631358491971539371e-01 2.563877316936979955e-01 2.583095777164730045e-01 2.520814997679414748e-01 2.496997892875266190e-01 2.882448564519318746e-01 2.773102691295638578e-01 2.882448564519318746e-01 2.832548180838794227e-01 2.837523305399337614e-01 2.758314648384340706e-01 2.802766540117597738e-01 2.733732522149560640e-01 2.852468511274666163e-01 2.723922187199445677e-01 2.743555706265037308e-01 2.877443559328570766e-01 2.753391773248616836e-01 2.723922187199445677e-01 2.626518220748361720e-01 2.773102691295638578e-01 2.807721941685384914e-01 2.665328139173492872e-01 2.787919949984062340e-01 2.792865548580676927e-01 2.709230703559448727e-01 2.709230703559448727e-01 2.709230703559448727e-01 2.592723506343066475e-01 2.525587508180895391e-01 2.530363057530401472e-01 2.597542009560527276e-01 2.592723506343066475e-01 2.812680619551967132e-01 2.847483466225733673e-01 2.852468511274666163e-01 2.738642505958310824e-01 2.932683179650275029e-01 2.993412256394920590e-01 2.907523813554125924e-01 2.882448564519318746e-01 2.907523813554125924e-01 2.758314648384340706e-01 2.847483466225733673e-01 2.778038525629757949e-01 2.733732522149560640e-01 2.862448552667453683e-01 2.887456911950841976e-01 2.922609303051768581e-01 3.075156934830188815e-01 3.003581749478440588e-01 2.998495279293653115e-01 3.003581749478440588e-01 2.973114544411848970e-01 2.922609303051768581e-01 2.882448564519318746e-01 2.937725196646890913e-01 2.882448564519318746e-01 2.787919949984062340e-01 2.973114544411848970e-01 2.937725196646890913e-01 3.013765050431892467e-01 2.942770605515269700e-01 2.922609303051768581e-01 2.917577434362516042e-01 2.932683179650275029e-01 2.872441891920792800e-01
2.094247634739400121e-01 2.094247634739400121e-01 1.471770737957140973e-01 0.000000000000000000e+00 1.496701508835930061e-01 1.426278456212137502e-01 1.471770737957140973e-01 2.130392283009017174e-01 2.198636611922372974e-01 2.098756201151097123e-01 2.645898076492800288e-01 2.812680619551967132e-01 2.773102691295638578e-01 2.753391773248616836e-01 2.743555706265037308e-01 2.641048415800059113e-01 2.641048415800059113e-01 2.723922187199445677e-01 2.872441891920792800e-01 2.912548939370257495e-01 2.694567942290922447e-01 2.738642505958310824e-01 2.768170103153357320e-01 2.892468606089885763e-01 2.802766540117597738e-01 2.827576354339187414e-01 2.802766540117597738e-01 2.817642578052508284e-01 2.612016121482900743e-01 2.670193530197185749e-01 2.660465902374347658e-01 2.675062079540493354e-01 2.897483651412152694e-01 2.699452344938322312e-01 2.626518220748361720e-01 2.645898076492800288e-01 2.641048415800059113e-01 2.602363610498045765e-01 2.887456911950841976e-01 2.714124667844030059e-01 2.877443559328570766e-01 2.842501732399262404e-01 2.852468511274666163e-01 2.743555706265037308e-01 2.782977610431240367e-01 2.782977610431240367e-01 2.743555706265037308e-01 2.733732522149560640e-01 2.758314648384340706e-01 2.887456911950841976e-01 2.743555706265037308e-01 2.832548180838794227e-01 2.778038525629757949e-01 2.877443559328570766e-01 2.862448552667453683e-01 2.723922187199445677e-01 2.728825750630086144e-01 2.655606815712642232e-01 2.723922187199445677e-01 2.723922187199445677e-01 2.748472127286714639e-01 2.626518220748361720e-01 2.592723506343066475e-01 2.607188313141108882e-01 2.655606815712642232e-01 2.645898076492800288e-01 2.832548180838794227e-01 2.773102691295638578e-01 2.792865548580676927e-01 2.822607821530780381e-01 3.029065973793974575e-01 3.013765050431892467e-01 3.075156934830188815e-01 3.003581749478440588e-01 3.029065973793974575e-01 2.812680619551967132e-01 2.968048688089564013e-01 2.867443557847089708e-01 2.887456911950841976e-01 2.922609303051768581e-01 2.917577434362516042e-01 3.059761787447121684e-01 3.152610290999061093e-01 3.131877727692936042e-01 3.080295681177161460e-01 3.054637086188626838e-01 2.973114544411848970e-01 2.957927229063563312e-01 2.983256533786950437e-01 2.998495279293653115e-01 2.872441891920792800e-01 2.973114544411848970e-01 3.054637086188626838e-01 3.039283959025692039e-01 3.095733079423318990e-01 3.116365829712494651e-01 3.116365829712494651e-01 3.116365829712494651e-01 3.147421774707729880e-01 3.049515884214296646e-01
1.938131382558564431e-01 1.986847231428785499e-01 1.315771682127072906e-01 1.496701508835930061e-01 0.000000000000000000e+00 1.178891876418092788e-01 1.162951381575741683e-01 1.964664429099539089e-01 2.049310412227399736e-01 2.000188474199589006e-01 2.468516845990463837e-01 2.645898076492800288e-01 2.501755266964371671e-01 2.554286522791151537e-01 2.592723506343066475e-01 2.539923288270405921e-01 2.530363057530401472e-01 2.559080386808630925e-01 2.719021827665425994e-01 2.807721941685384914e-01 2.650750875109210147e-01 2.631358491971539371e-01 2.665328139173492872e-01 2.758314648384340706e-01 2.602363610498045765e-01 2.612016121482900743e-01 2.728825750630086144e-01 2.723922187199445677e-01 2.573480391232314535e-01 2.539923288270405921e-01 2.544707977427898005e-01 2.568677317100820368e-01 2.797814410522031503e-01 2.650750875109210147e-01 2.435425080990975821e-01 2.463780502290270902e-01 2.482743849940459713e-01 2.449589391149985529e-01 2.837523305399337614e-01 2.660465902374347658e-01 2.782977610431240367e-01 2.728825750630086144e-01 2.728825750630086144e-01 2.612016121482900743e-01 2.723922187199445677e-01 2.660465902374347658e-01 2.684808669606134623e-01 2.645898076492800288e-01 2.782977610431240367e-01 2.753391773248616836e-01 2.733732522149560640e-01 2.797814410522031503e-01 2.719021827665425994e-01 2.782977610431240367e-01 2.758314648384340706e-01 2.655606815712642232e-01 2.616847039524323737e-01 2.631358491971539371e-01 2.650750875109210147e-01 2.660465902374347658e-01 2.665328139173492872e-01 2.516045522160969550e-01 2.454316778637103957e-01 2.459047147762696839e-01 2.463780502290270902e-01 2.583095777164730045e-01 2.753391773248616836e-01 2.827576354339187414e-01 2.763240756935819720e-01 2.719021827665425994e-01 2.787919949984062340e-01 2.887456911950841976e-01 2.758314648384340706e-01 2.842501732399262404e-01 2.852468511274666163e-01 2.704339930644042989e-01 2.797814410522031503e-01 2.626518220748361720e-01 2.694567942290922447e-01 2.723922187199445677e-01 2.723922187199445677e-01 2.857456871950745936e-01 2.922609303051768581e-01 2.872441891920792800e-01 2.983256533786950437e-01 2.983256533786950437e-01 2.993412256394920590e-01 2.847483466225733673e-01 2.827576354339187414e-01 2.832548180838794227e-01 2.812680619551967132e-01 2.738642505958310824e-01 2.842501732399262404e-01 2.852468511274666163e-01 2.802766540117597738e-01 2.922609303051768581e-01 2.872441891920792800e-01 2.867443557847089708e-01 2.782977610431240367e-01 2.802766540117597738e-01
1.969095743851790314e-01 1.995738755884548521e-01 1.356510511244786443e-01 1.426278456212137502e-01 1.178891876418092788e-01 0.000000000000000000e+00 2.143991082106252652e-02 1.946965305841356908e-01 2.018013794533436434e-01 1.969095743851790314e-01 2.506515660650054378e-01 2.645898076492800288e-01 2.607188313141108882e-01 2.612016121482900743e-01 2.607188313141108882e-01 2.578286543271183784e-01 2.539923288270405921e-01 2.645898076492800288e-01 2.743555706265037308e-01 2.837523305399337614e-01 2.621681071274012398e-01 2.665328139173492872e-01 2.758314648384340706e-01 2.782977610431240367e-01 2.675062079540493354e-01 2.583095777164730045e-01 2.782977610431240367e-01 2.607188313141108882e-01 2.578286543271183784e-01 2.425997047065591716e-01 2.501755266964371671e-01 2.487492188180738251e-01 2.689686718558585432e-01 2.559080386808630925e-01 2.468516845990463837e-01 2.435425080990975821e-01 2.487492188180738251e-01 2.501755266964371671e-01 2.867443557847089708e-01 2.699452344938322312e-01 2.877443559328570766e-01 2.675062079540493354e-01 2.699452344938322312e-01 2.704339930644042989e-01 2.763240756935819720e-01 2.704339930644042989e-01 2.817642578052508284e-01 2.728825750630086144e-01 2.753391773248616836e-01 2.792865548580676927e-01 2.684808669606134623e-01 2.704339930644042989e-01 2.714124667844030059e-01 2.787919949984062340e-01 2.812680619551967132e-01 2.694567942290922447e-01 2.684808669606134623e-01 2.660465902374347658e-01 2.689686718558585432e-01 2.689686718558585432e-01 2.768170103153357320e-01 2.573480391232314535e-01 2.487492188180738251e-01 2.487492188180738251e-01 2.477998516027014042e-01 2.645898076492800288e-01 2.763240756935819720e-01 2.807721941685384914e-01 2.822607821530780381e-01 2.792865548580676927e-01 2.782977610431240367e-01 2.768170103153357320e-01 2.778038525629757949e-01 2.802766540117597738e-01 2.763240756935819720e-01 2.763240756935819720e-01 2.787919949984062340e-01 2.709230703559448727e-01 2.773102691295638578e-01 2.797814410522031503e-01 2.802766540117597738e-01 2.978183824767054455e-01 2.993412256394920590e-01 2.952871617143110750e-01 2.897483651412152694e-01 3.044398176748578377e-01 3.023962196802189029e-01 2.917577434362516042e-01 2.912548939370257495e-01 2.832548180838794227e-01 2.832548180838794227e-01 2.812680619551967132e-01 2.872441891920792800e-01 2.927644549967987064e-01 2.993412256394920590e-01 2.983256533786950437e-01 3.008671671628326827e-01 3.008671671628326827e-01 2.973114544411848970e-01 2.912548939370257495e-01
1.977966235719660348e-01 2.009095838667008804e-01 1.364684898974978244e-01 1.471770737957140973e-01 1.162951381575741683e-01 2.143991082106252652e-02 0.000000000000000000e+00 1.969095743851790314e-01 2.022476752118269605e-01 1.986847231428785499e-01 2.530363057530401472e-01 2.631358491971539371e-01 2.578286543271183784e-01 2.592723506343066475e-01 2.578286543271183784e-01 2.616847039524323737e-01 2.539923288270405921e-01 2.583095777164730045e-01 2.753391773248616836e-01 2.832548180838794227e-01 2.616847039524323737e-01 2.670193530197185749e-01 2.723922187199445677e-01 2.773102691295638578e-01 2.670193530197185749e-01 2.563877316936979955e-01 2.753391773248616836e-01 2.626518220748361720e-01 2.563877316936979955e-01 2.430709582564652971e-01 2.520814997679414748e-01 2.501755266964371671e-01 2.689686718558585432e-01 2.559080386808630925e-01 2.454316778637103957e-01 2.444864981544946636e-01 2.487492188180738251e-01 2.496997892875266190e-01 2.892468606089885763e-01 2.743555706265037308e-01 2.867443557847089708e-01 2.665328139173492872e-01 2.684808669606134623e-01 2.709230703559448727e-01 2.753391773248616836e-01 2.670193530197185749e-01 2.797814410522031503e-01 2.728825750630086144e-01 2.733732522149560640e-01 2.738642505958310824e-01 2.689686718558585432e-01 2.660465902374347658e-01 2.709230703559448727e-01 2.782977610431240367e-01 2.792865548580676927e-01 2.689686718558585432e-01 2.660465902374347658e-01 2.660465902374347658e-01 2.694567942290922447e-01 2.675062079540493354e-01 2.733732522149560640e-01 2.568677317100820368e-01 2.468516845990463837e-01 2.477998516027014042e-01 2.435425080990975821e-01 2.612016121482900743e-01 2.753391773248616836e-01 2.832548180838794227e-01 2.802766540117597738e-01 2.773102691295638578e-01 2.773102691295638578e-01 2.763240756935819720e-01 2.817642578052508284e-01 2.807721941685384914e-01 2.797814410522031503e-01 2.802766540117597738e-01 2.817642578052508284e-01 2.719021827665425994e-01 2.763240756935819720e-01 2.797814410522031503e-01 2.827576354339187414e-01 2.962986251177813224e-01 3.008671671628326827e-01 2.968048688089564013e-01 2.897483651412152694e-01 3.003581749478440588e-01 2.998495279293653115e-01 2.932683179650275029e-01 2.902502052402334831e-01 2.797814410522031503e-01 2.857456871950745936e-01 2.778038525629757949e-01 2.867443557847089708e-01 2.897483651412152694e-01 2.968048688089564013e-01 2.947819410822054009e-01 2.952871617143110750e-01 2.952871617143110750e-01 2.937725196646890913e-01 2.887456911950841976e-01
1.982405419039553751e-01 2.035881581423988340e-01 2.112298184968637860e-01 2.130392283009017174e-01 1.964664429099539089e-01 1.946965305841356908e-01 1.969095743851790314e-01 0.000000000000000000e+00 4.604397120064816079e-02 4.314961160272118290e-02 2.535141649600310410e-01 2.684808669606134623e-01 2.723922187199445677e-01 2.694567942290922447e-01 2.650750875109210147e-01 2.525587508180895391e-01 2.492243534554407225e-01 2.444864981544946636e-01 2.689686718558585432e-01 2.922609303051768581e-01 2.587908096867851393e-01 2.549495720967441814e-01 2.655606815712642232e-01 2.636201888975511221e-01 2.665328139173492872e-01 2.530363057530401472e-01 2.748472127286714639e-01 2.719021827665425994e-01 2.626518220748361720e-01 2.592723506343066475e-01 2.578286543271183784e-01 2.473256182641059842e-01 2.641048415800059113e-01 2.621681071274012398e-01 2.549495720967441814e-01 2.549495720967441814e-01 2.573480391232314535e-01 2.482743849940459713e-01 2.988332676112705477e-01 2.787919949984062340e-01 2.763240756935819720e-01 2.709230703559448727e-01 2.733732522149560640e-01 2.602363610498045765e-01 2.719021827665425994e-01 2.743555706265037308e-01 2.679933791306460811e-01 2.679933791306460811e-01 2.679933791306460811e-01 2.738642505958310824e-01 2.684808669606134623e-01 2.719021827665425994e-01 2.743555706265037308e-01 2.704339930644042989e-01 2.738642505958310824e-01 2.645898076492800288e-01 2.660465902374347658e-01 2.607188313141108882e-01 2.650750875109210147e-01 2.655606815712642232e-01 2.665328139173492872e-01 2.549495720967441814e-01 2.568677317100820368e-01 2.602363610498045765e-01 2.607188313141108882e-01 2.573480391232314535e-01 2.733732522149560640e-01 2.827576354339187414e-01 2.699452344938322312e-01 2.719021827665425994e-01 2.907523813554125924e-01 2.887456911950841976e-01 2.922609303051768581e-01 2.867443557847089708e-01 2.872441891920792800e-01 2.902502052402334831e-01 2.887456911950841976e-01 2.817642578052508284e-01 2.832548180838794227e-01 2.822607821530780381e-01 2.812680619551967132e-01 2.962986251177813224e-01 2.993412256394920590e-01 2.937725196646890913e-01 2.892468606089885763e-01 2.907523813554125924e-01 2.882448564519318746e-01 2.862448552667453683e-01 2.922609303051768581e-01 2.998495279293653115e-01 2.902502052402334831e-01 2.773102691295638578e-01 2.857456871950745936e-01 2.882448564519318746e-01 2.892468606089885763e-01 2.902502052402334831e-01 2.887456911950841976e-01 2.892468606089885763e-01 2.897483651412152694e-01 2.812680619551967132e-01
2.049310412227399736e-01 2.103267479482602287e-01 2.226109170112900992e-01 2.198636611922372974e-01 2.049310412227399736e-01 2.018013794533436434e-01 2.022476752118269605e-01 4.604397120064816079e-02 0.000000000000000000e+00 6.068572464044438147e-02 2.511279077767940016e-01 2.689686718558585432e-01 2.655606815712642232e-01 2.660465902374347658e-01 2.670193530197185749e-01 2.544707977427898005e-01 2.492243534554407225e-01 2.416580849971851075e-01 2.699452344938322312e-01 2.907523813554125924e-01 2.506515660650054378e-01 2.549495720967441814e-01 2.621681071274012398e-01 2.699452344938322312e-01 2.621681071274012398e-01 2.621681071274012398e-01 2.797814410522031503e-01 2.743555706265037308e-01 2.636201888975511221e-01 2.587908096867851393e-01 2.626518220748361720e-01 2.482743849940459713e-01 2.583095777164730045e-01 2.612016121482900743e-01 2.554286522791151537e-01 2.573480391232314535e-01 2.592723506343066475e-01 2.530363057530401472e-01 2.983256533786950437e-01 2.827576354339187414e-01 2.738642505958310824e-01 2.719021827665425994e-01 2.738642505958310824e-01 2.636201888975511221e-01 2.709230703559448727e-01 2.797814410522031503e-01 2.733732522149560640e-01 2.670193530197185749e-01 2.650750875109210147e-01 2.778038525629757949e-01 2.684808669606134623e-01 2.704339930644042989e-01 2.748472127286714639e-01 2.753391773248616836e-01 2.787919949984062340e-01 2.636201888975511221e-01 2.704339930644042989e-01 2.650750875109210147e-01 2.719021827665425994e-01 2.714124667844030059e-01 2.704339930644042989e-01 2.602363610498045765e-01 2.587908096867851393e-01 2.645898076492800288e-01 2.660465902374347658e-01 2.665328139173492872e-01 2.778038525629757949e-01 2.832548180838794227e-01 2.733732522149560640e-01 2.768170103153357320e-01 2.952871617143110750e-01 2.952871617143110750e-01 2.957927229063563312e-01 2.887456911950841976e-01 2.907523813554125924e-01 2.847483466225733673e-01 2.862448552667453683e-01 2.842501732399262404e-01 2.872441891920792800e-01 2.852468511274666163e-01 2.852468511274666163e-01 2.952871617143110750e-01 2.973114544411848970e-01 2.947819410822054009e-01 2.952871617143110750e-01 2.922609303051768581e-01 2.882448564519318746e-01 2.847483466225733673e-01 2.912548939370257495e-01 2.988332676112705477e-01 2.892468606089885763e-01 2.778038525629757949e-01 2.877443559328570766e-01 2.927644549967987064e-01 2.897483651412152694e-01 2.947819410822054009e-01 2.882448564519318746e-01 2.887456911950841976e-01 2.877443559328570766e-01 2.812680619551967132e-01
2.035881581423988340e-01 2.085238624647143824e-01 2.162162375901062750e-01 2.098756201151097123e-01 2.000188474199589006e-01 1.969095743851790314e-01 1.986847231428785499e-01 4.314961160272118290e-02 6.068572464044438147e-02 0.000000000000000000e+00 2.602363610498045765e-01 2.753391773248616836e-01 2.758314648384340706e-01 2.733732522149560640e-01 2.650750875109210147e-01 2.496997892875266190e-01 2.525587508180895391e-01 2.530363057530401472e-01 2.709230703559448727e-01 2.968048688089564013e-01 2.563877316936979955e-01 2.535141649600310410e-01 2.660465902374347658e-01 2.684808669606134623e-01 2.665328139173492872e-01 2.592723506343066475e-01 2.748472127286714639e-01 2.694567942290922447e-01 2.612016121482900743e-01 2.631358491971539371e-01 2.626518220748361720e-01 2.501755266964371671e-01 2.607188313141108882e-01 2.612016121482900743e-01 2.544707977427898005e-01 2.573480391232314535e-01 2.616847039524323737e-01 2.506515660650054378e-01 2.983256533786950437e-01 2.847483466225733673e-01 2.728825750630086144e-01 2.748472127286714639e-01 2.778038525629757949e-01 2.636201888975511221e-01 2.738642505958310824e-01 2.792865548580676927e-01 2.675062079540493354e-01 2.660465902374347658e-01 2.684808669606134623e-01 2.768170103153357320e-01 2.719021827665425994e-01 2.763240756935819720e-01 2.748472127286714639e-01 2.787919949984062340e-01 2.842501732399262404e-01 2.660465902374347658e-01 2.699452344938322312e-01 2.631358491971539371e-01 2.719021827665425994e-01 2.723922187199445677e-01 2.753391773248616836e-01 2.607188313141108882e-01 2.612016121482900743e-01 2.675062079540493354e-01 2.645898076492800288e-01 2.650750875109210147e-01 2.728825750630086144e-01 2.753391773248616836e-01 2.714124667844030059e-01 2.743555706265037308e-01 2.927644549967987064e-01 2.947819410822054009e-01 2.952871617143110750e-01 2.877443559328570766e-01 2.862448552667453683e-01 2.877443559328570766e-01 2.902502052402334831e-01 2.857456871950745936e-01 2.857456871950745936e-01 2.847483466225733673e-01 2.812680619551967132e-01 2.968048688089564013e-01 3.034173226289597625e-01 2.973114544411848970e-01 2.887456911950841976e-01 2.922609303051768581e-01 2.887456911950841976e-01 2.952871617143110750e-01 2.983256533786950437e-01 2.962986251177813224e-01 2.862448552667453683e-01 2.802766540117597738e-01 2.847483466225733673e-01 2.892468606089885763e-01 2.932683179650275029e-01 2.927644549967987064e-01 2.882448564519318746e-01 2.877443559328570766e-01 2.902502052402334831e-01 2.822607821530780381e-01
2.544707977427898005e-01 2.587908096867851393e-01 2.539923288270405921e-01 2.645898076492800288e-01 2.468516845990463837e-01 2.506515660650054378e-01 2.530363057530401472e-01 2.535141649600310410e-01 2.511279077767940016e-01 2.602363610498045765e-01 0.000000000000000000e+00 1.584617670425591540e-01 1.442789194855920998e-01 1.496701508835930061e-01 1.951386172459191326e-01 2.094247634739400121e-01 1.973529678358701411e-01 2.040355187282841543e-01 2.411877180955967481e-01 2.802766540117597738e-01 2.397783847651404898e-01 2.454316778637103957e-01 2.511279077767940016e-01 2.539923288270405921e-01 2.559080386808630925e-01 2.578286543271183784e-01 2.645898076492800288e-01 2.607188313141108882e-01 2.511279077767940016e-01 2.454316778637103957e-01 2.449589391149985529e-01 2.440143546072683911e-01 2.544707977427898005e-01 2.535141649600310410e-01 2.459047147762696839e-01 2.496997892875266190e-01 2.435425080990975821e-01 2.444864981544946636e-01 2.807721941685384914e-01 2.549495720967441814e-01 2.778038525629757949e-01 2.782977610431240367e-01 2.817642578052508284e-01 2.650750875109210147e-01 2.626518220748361720e-01 2.665328139173492872e-01 2.655606815712642232e-01 2.670193530197185749e-01 2.665328139173492872e-01 2.852468511274666163e-01 2.699452344938322312e-01 2.733732522149560640e-01 2.631358491971539371e-01 2.723922187199445677e-01 2.714124667844030059e-01 2.773102691295638578e-01 2.684808669606134623e-01 2.758314648384340706e-01 2.743555706265037308e-01 2.738642505958310824e-01 2.636201888975511221e-01 2.530363057530401472e-01 2.563877316936979955e-01 2.559080386808630925e-01 2.587908096867851393e-01 2.612016121482900743e-01 2.675062079540493354e-01 2.709230703559448727e-01 2.694567942290922447e-01 2.621681071274012398e-01 2.887456911950841976e-01 2.912548939370257495e-01 2.952871617143110750e-01 2.862448552667453683e-01 2.862448552667453683e-01 2.822607821530780381e-01 2.862448552667453683e-01 2.817642578052508284e-01 2.797814410522031503e-01 2.758314648384340706e-01 2.763240756935819720e-01 2.812680619551967132e-01 2.877443559328570766e-01 2.902502052402334831e-01 2.852468511274666163e-01 2.957927229063563312e-01 2.998495279293653115e-01 2.962986251177813224e-01 2.927644549967987064e-01 2.733732522149560640e-01 2.728825750630086144e-01 2.797814410522031503e-01 2.738642505958310824e-01 2.817642578052508284e-01 2.983256533786950437e-01 2.832548180838794227e-01 2.827576354339187414e-01 2.822607821530780381e-01 2.862448552667453683e-01 2.802766540117597738e-01
2.554286522791151537e-01 2.641048415800059113e-01 2.758314648384340706e-01 2.812680619551967132e-01 2.645898076492800288e-01 2.645898076492800288e-01 2.631358491971539371e-01 2.684808669606134623e-01 2.689686718558585432e-01 2.753391773248616836e-01 1.584617670425591540e-01 0.000000000000000000e+00 1.091635471808037466e-01 1.174903575340326412e-01 2.044831463154302975e-01 2.134922636514330341e-01 2.076240423207863506e-01 2.103267479482602287e-01 2.501755266964371671e-01 2.817642578052508284e-01 2.525587508180895391e-01 2.568677317100820368e-01 2.607188313141108882e-01 2.728825750630086144e-01 2.719021827665425994e-01 2.650750875109210147e-01 2.832548180838794227e-01 2.689686718558585432e-01 2.607188313141108882e-01 2.559080386808630925e-01 2.539923288270405921e-01 2.549495720967441814e-01 2.694567942290922447e-01 2.660465902374347658e-01 2.578286543271183784e-01 2.549495720967441814e-01 2.459047147762696839e-01 2.559080386808630925e-01 2.802766540117597738e-01 2.675062079540493354e-01 2.827576354339187414e-01 2.792865548580676927e-01 2.812680619551967132e-01 2.699452344938322312e-01 2.655606815712642232e-01 2.704339930644042989e-01 2.792865548580676927e-01 2.758314648384340706e-01 2.792865548580676927e-01 2.694567942290922447e-01 2.704339930644042989e-01 2.768170103153357320e-01 2.748472127286714639e-01 2.714124667844030059e-01 2.743555706265037308e-01 2.773102691295638578e-01 2.738642505958310824e-01 2.748472127286714639e-01 2.947819410822054009e-01 2.952871617143110750e-01 2.743555706265037308e-01 2.675062079540493354e-01 2.665328139173492872e-01 2.626518220748361720e-01 2.559080386808630925e-01 2.626518220748361720e-01 2.694567942290922447e-01 2.694567942290922447e-01 2.709230703559448727e-01 2.645898076492800288e-01 2.758314648384340706e-01 2.867443557847089708e-01 2.887456911950841976e-01 2.842501732399262404e-01 2.822607821530780381e-01 2.807721941685384914e-01 2.927644549967987064e-01 2.847483466225733673e-01 2.832548180838794227e-01 2.877443559328570766e-01 2.862448552667453683e-01 2.978183824767054455e-01 2.922609303051768581e-01 2.957927229063563312e-01 2.957927229063563312e-01 2.973114544411848970e-01 2.942770605515269700e-01 2.962986251177813224e-01 2.942770605515269700e-01 2.802766540117597738e-01 2.723922187199445677e-01 2.723922187199445677e-01 2.787919949984062340e-01 2.842501732399262404e-01 2.973114544411848970e-01 2.983256533786950437e-01 2.947819410822054009e-01 2.947819410822054009e-01 2.902502052402334831e-01 2.872441891920792800e-01
2.496997892875266190e-01 2.583095777164730045e-01 2.714124667844030059e-01 2.773102691295638578e-01 2.501755266964371671e-01 2.607188313141108882e-01 2.578286543271183784e-01 2.723922187199445677e-01 2.655606815712642232e-01 2.758314648384340706e-01 1.442789194855920998e-01 1.091635471808037466e-01 0.000000000000000000e+00 7.448865090139770995e-02 2.031410642394418375e-01 2.112298184968637860e-01 2.044831463154302975e-01 2.031410642394418375e-01 2.573480391232314535e-01 2.728825750630086144e-01 2.506515660650054378e-01 2.473256182641059842e-01 2.535141649600310410e-01 2.621681071274012398e-01 2.612016121482900743e-01 2.568677317100820368e-01 2.694567942290922447e-01 2.631358491971539371e-01 2.492243534554407225e-01 2.482743849940459713e-01 2.393091948843397709e-01 2.473256182641059842e-01 2.535141649600310410e-01 2.636201888975511221e-01 2.435425080990975821e-01 2.463780502290270902e-01 2.285980535032867134e-01 2.365002028367182707e-01 2.802766540117597738e-01 2.559080386808630925e-01 2.802766540117597738e-01 2.723922187199445677e-01 2.763240756935819720e-01 2.684808669606134623e-01 2.660465902374347658e-01 2.679933791306460811e-01 2.704339930644042989e-01 2.670193530197185749e-01 2.753391773248616836e-01 2.837523305399337614e-01 2.597542009560527276e-01 2.719021827665425994e-01 2.675062079540493354e-01 2.679933791306460811e-01 2.679933791306460811e-01 2.684808669606134623e-01 2.631358491971539371e-01 2.675062079540493354e-01 2.748472127286714639e-01 2.748472127286714639e-01 2.636201888975511221e-01 2.482743849940459713e-01 2.597542009560527276e-01 2.597542009560527276e-01 2.568677317100820368e-01 2.516045522160969550e-01 2.641048415800059113e-01 2.670193530197185749e-01 2.655606815712642232e-01 2.587908096867851393e-01 2.807721941685384914e-01 2.892468606089885763e-01 2.857456871950745936e-01 2.837523305399337614e-01 2.797814410522031503e-01 2.733732522149560640e-01 2.867443557847089708e-01 2.837523305399337614e-01 2.753391773248616836e-01 2.748472127286714639e-01 2.743555706265037308e-01 2.877443559328570766e-01 2.912548939370257495e-01 2.942770605515269700e-01 2.927644549967987064e-01 2.887456911950841976e-01 2.877443559328570766e-01 2.937725196646890913e-01 2.957927229063563312e-01 2.753391773248616836e-01 2.709230703559448727e-01 2.748472127286714639e-01 2.763240756935819720e-01 2.802766540117597738e-01 2.912548939370257495e-01 2.847483466225733673e-01 2.832548180838794227e-01 2.832548180838794227e-01 2.832548180838794227e-01 2.768170103153357320e-01
2.520814997679414748e-01 2.583095777164730045e-01 2.709230703559448727e-01 2.753391773248616836e-01 2.554286522791151537e-01 2.612016121482900743e-01 2.592723506343066475e-01 2.694567942290922447e-01 2.660465902374347658e-01 2.733732522149560640e-01 1.496701508835930061e-01 1.174903575340326412e-01 7.448865090139770995e-02 0.000000000000000000e+00 1.986847231428785499e-01 2.107781472998342676e-01 1.982405419039553751e-01 2.040355187282841543e-01 2.578286543271183784e-01 2.738642505958310824e-01 2.506515660650054378e-01 2.459047147762696839e-01 2.583095777164730045e-01 2.563877316936979955e-01 2.597542009560527276e-01 2.554286522791151537e-01 2.719021827665425994e-01 2.626518220748361720e-01 2.501755266964371671e-01 2.421287470772690020e-01 2.435425080990975821e-01 2.501755266964371671e-01 2.568677317100820368e-01 2.554286522791151537e-01 2.506515660650054378e-01 2.506515660650054378e-01 2.332362872098752704e-01 2.360330586297751942e-01 2.797814410522031503e-01 2.592723506343066475e-01 2.738642505958310824e-01 2.753391773248616836e-01 2.763240756935819720e-01 2.583095777164730045e-01 2.544707977427898005e-01 2.636201888975511221e-01 2.655606815712642232e-01 2.621681071274012398e-01 2.714124667844030059e-01 2.684808669606134623e-01 2.573480391232314535e-01 2.626518220748361720e-01 2.578286543271183784e-01 2.597542009560527276e-01 2.626518220748361720e-01 2.641048415800059113e-01 2.616847039524323737e-01 2.650750875109210147e-01 2.733732522149560640e-01 2.733732522149560640e-01 2.645898076492800288e-01 2.573480391232314535e-01 2.602363610498045765e-01 2.563877316936979955e-01 2.626518220748361720e-01 2.530363057530401472e-01 2.679933791306460811e-01 2.704339930644042989e-01 2.723922187199445677e-01 2.660465902374347658e-01 2.882448564519318746e-01 2.897483651412152694e-01 2.897483651412152694e-01 2.897483651412152694e-01 2.892468606089885763e-01 2.723922187199445677e-01 2.827576354339187414e-01 2.778038525629757949e-01 2.733732522149560640e-01 2.758314648384340706e-01 2.753391773248616836e-01 2.907523813554125924e-01 2.902502052402334831e-01 2.897483651412152694e-01 2.877443559328570766e-01 2.912548939370257495e-01 2.927644549967987064e-01 2.937725196646890913e-01 2.952871617143110750e-01 2.733732522149560640e-01 2.670193530197185749e-01 2.797814410522031503e-01 2.748472127286714639e-01 2.792865548580676927e-01 2.892468606089885763e-01 2.872441891920792800e-01 2.857456871950745936e-01 2.857456871950745936e-01 2.802766540117597738e-01 2.758314648384340706e-01
2.568677317100820368e-01 2.689686718558585432e-01 2.704339930644042989e-01 2.743555706265037308e-01 2.592723506343066475e-01 2.607188313141108882e-01 2.578286543271183784e-01 2.650750875109210147e-01 2.670193530197185749e-01 2.650750875109210147e-01 1.951386172459191326e-01 2.044831463154302975e-01 2.031410642394418375e-01 1.986847231428785499e-01 0.000000000000000000e+00 2.026942367016498214e-01 2.085238624647143824e-01 2.071745367634290624e-01 2.554286522791151537e-01 2.807721941685384914e-01 2.468516845990463837e-01 2.530363057530401472e-01 2.559080386808630925e-01 2.645898076492800288e-01 2.544707977427898005e-01 2.544707977427898005e-01 2.807721941685384914e-01 2.660465902374347658e-01 2.530363057530401472e-01 2.449589391149985529e-01 2.425997047065591716e-01 2.327711709158988007e-01 2.492243534554407225e-01 2.473256182641059842e-01 2.393091948843397709e-01 2.397783847651404898e-01 2.397783847651404898e-01 2.459047147762696839e-01 2.773102691295638578e-01 2.675062079540493354e-01 2.679933791306460811e-01 2.728825750630086144e-01 2.738642505958310824e-01 2.506515660650054378e-01 2.559080386808630925e-01 2.612016121482900743e-01 2.612016121482900743e-01 2.573480391232314535e-01 2.563877316936979955e-01 2.699452344938322312e-01 2.636201888975511221e-01 2.535141649600310410e-01 2.520814997679414748e-01 2.743555706265037308e-01 2.704339930644042989e-01 2.714124667844030059e-01 2.670193530197185749e-01 2.768170103153357320e-01 2.631358491971539371e-01 2.631358491971539371e-01 2.645898076492800288e-01 2.454316778637103957e-01 2.511279077767940016e-01 2.487492188180738251e-01 2.506515660650054378e-01 2.449589391149985529e-01 2.583095777164730045e-01 2.563877316936979955e-01 2.612016121482900743e-01 2.573480391232314535e-01 2.862448552667453683e-01 2.862448552667453683e-01 2.897483651412152694e-01 2.882448564519318746e-01 2.932683179650275029e-01 2.758314648384340706e-01 2.872441891920792800e-01 2.699452344938322312e-01 2.641048415800059113e-01 2.847483466225733673e-01 2.842501732399262404e-01 2.807721941685384914e-01 2.932683179650275029e-01 2.887456911950841976e-01 2.787919949984062340e-01 2.837523305399337614e-01 2.867443557847089708e-01 3.003581749478440588e-01 2.973114544411848970e-01 2.733732522149560640e-01 2.641048415800059113e-01 2.616847039524323737e-01 2.787919949984062340e-01 2.827576354339187414e-01 2.897483651412152694e-01 2.922609303051768581e-01 2.852468511274666163e-01 2.857456871950745936e-01 2.887456911950841976e-01 2.782977610431240367e-01
2.568677317100820368e-01 2.607188313141108882e-01 2.602363610498045765e-01 2.641048415800059113e-01 2.539923288270405921e-01 2.578286543271183784e-01 2.616847039524323737e-01 2.525587508180895391e-01 2.544707977427898005e-01 2.496997892875266190e-01 2.094247634739400121e-01 2.134922636514330341e-01 2.112298184968637860e-01 2.107781472998342676e-01 2.026942367016498214e-01 0.000000000000000000e+00 1.951386172459191326e-01 2.004640834081014567e-01 2.360330586297751942e-01 2.694567942290922447e-01 2.516045522160969550e-01 2.459047147762696839e-01 2.587908096867851393e-01 2.665328139173492872e-01 2.573480391232314535e-01 2.544707977427898005e-01 2.694567942290922447e-01 2.616847039524323737e-01 2.516045522160969550e-01 2.463780502290270902e-01 2.482743849940459713e-01 2.501755266964371671e-01 2.602363610498045765e-01 2.520814997679414748e-01 2.411877180955967481e-01 2.369676381899606388e-01 2.440143546072683911e-01 2.425997047065591716e-01 2.857456871950745936e-01 2.684808669606134623e-01 2.738642505958310824e-01 2.738642505958310824e-01 2.758314648384340706e-01 2.578286543271183784e-01 2.559080386808630925e-01 2.626518220748361720e-01 2.525587508180895391e-01 2.492243534554407225e-01 2.487492188180738251e-01 2.660465902374347658e-01 2.559080386808630925e-01 2.578286543271183784e-01 2.544707977427898005e-01 2.723922187199445677e-01 2.689686718558585432e-01 2.559080386808630925e-01 2.578286543271183784e-01 2.573480391232314535e-01 2.587908096867851393e-01 2.602363610498045765e-01 2.573480391232314535e-01 2.549495720967441814e-01 2.501755266964371671e-01 2.459047147762696839e-01 2.463780502290270902e-01 2.468516845990463837e-01 2.679933791306460811e-01 2.802766540117597738e-01 2.660465902374347658e-01 2.689686718558585432e-01 2.778038525629757949e-01 2.857456871950745936e-01 2.797814410522031503e-01 2.842501732399262404e-01 2.822607821530780381e-01 2.684808669606134623e-01 2.763240756935819720e-01 2.778038525629757949e-01 2.641048415800059113e-01 2.897483651412152694e-01 2.832548180838794227e-01 2.847483466225733673e-01 2.837523305399337614e-01 2.857456871950745936e-01 2.787919949984062340e-01 2.812680619551967132e-01 2.882448564519318746e-01 2.983256533786950437e-01 2.867443557847089708e-01 2.641048415800059113e-01 2.665328139173492872e-01 2.748472127286714639e-01 2.743555706265037308e-01 2.768170103153357320e-01 2.927644549967987064e-01 2.842501732399262404e-01 2.837523305399337614e-01 2.842501732399262404e-01 2.857456871950745936e-01 2.763240756935819720e-01
