0.000000000000000000e+00 2.278787878787878751e-01 3.127272727272727426e-01 3.248484848484848309e-01 3.036363636363636487e-01 3.078787878787878629e-01 3.090909090909090828e-01 3.096969696969696928e-01 3.187878787878787867e-01 3.169696969696969568e-01 3.836363636363636087e-01 3.848484848484848286e-01 3.775757575757575646e-01 3.806060606060606144e-01 3.866666666666666585e-01 3.866666666666666585e-01 3.781818181818181746e-01 3.672727272727272507e-01 3.890909090909090984e-01 4.151515151515151603e-01 3.769696969696969546e-01 3.787878787878787845e-01 3.836363636363636087e-01 3.975757575757575824e-01 3.951515151515151425e-01 3.915151515151515382e-01 3.951515151515151425e-01 3.963636363636363624e-01 3.830303030303030543e-01 3.733333333333333504e-01 3.751515151515151247e-01 3.739393939393939603e-01 3.836363636363636087e-01 3.787878787878787845e-01 3.642424242424242564e-01 3.660606060606060863e-01 3.612121212121212066e-01 3.581818181818181568e-01 4.181818181818181546e-01 3.957575757575757525e-01 4.048484848484848464e-01 3.981818181818181923e-01 3.975757575757575824e-01 3.812121212121212244e-01 3.824242424242424443e-01 3.903030303030303183e-01 3.933333333333333126e-01 3.903030303030303183e-01 3.969696969696969724e-01 3.969696969696969724e-01 3.957575757575757525e-01 3.963636363636363624e-01 3.963636363636363624e-01 3.945454545454545325e-01 3.957575757575757525e-01 4.048484848484848464e-01 3.884848484848484884e-01 3.939393939393939226e-01 3.945454545454545325e-01 3.939393939393939226e-01 3.896969696969697083e-01 3.733333333333333504e-01 3.769696969696969546e-01 3.781818181818181746e-01 3.781818181818181746e-01 3.866666666666666585e-01 3.957575757575757525e-01 4.103030303030302806e-01 3.945454545454545325e-01 3.848484848484848286e-01 4.206060606060605944e-01 4.163636363636363802e-01 4.254545454545454741e-01 4.187878787878787645e-01 4.163636363636363802e-01 4.096969696969696706e-01 4.151515151515151603e-01 3.957575757575757525e-01 4.072727272727272863e-01 4.072727272727272863e-01 4.127272727272727204e-01 4.248484848484848642e-01 4.181818181818181546e-01 4.242424242424242542e-01 4.266666666666666941e-01 4.224242424242424243e-01 4.187878787878787645e-01 4.199999999999999845e-01 4.157575757575757702e-01 4.242424242424242542e-01 4.012121212121211866e-01 4.078787878787878962e-01 4.187878787878787645e-01 4.266666666666666941e-01 4.290909090909090784e-01 4.254545454545454741e-01 4.248484848484848642e-01 4.242424242424242542e-01 4.266666666666666941e-01 4.175757575757576001e-01
2.278787878787878751e-01 0.000000000000000000e+00 3.084848484848484729e-01 3.248484848484848309e-01 3.103030303030303028e-01 3.115151515151515227e-01 3.133333333333333526e-01 3.169696969696969568e-01 3.260606060606060508e-01 3.236363636363636109e-01 3.890909090909090984e-01 3.957575757575757525e-01 3.884848484848484884e-01 3.884848484848484884e-01 4.018181818181817966e-01 3.915151515151515382e-01 3.903030303030303183e-01 3.775757575757575646e-01 4.000000000000000222e-01 4.230303030303030343e-01 3.836363636363636087e-01 3.848484848484848286e-01 3.836363636363636087e-01 3.866666666666666585e-01 3.884848484848484884e-01 4.024242424242424065e-01 3.963636363636363624e-01 3.890909090909090984e-01 3.878787878787878785e-01 3.860606060606060486e-01 3.963636363636363624e-01 3.818181818181818343e-01 3.915151515151515382e-01 3.848484848484848286e-01 3.775757575757575646e-01 3.824242424242424443e-01 3.757575757575757347e-01 3.709090909090909105e-01 4.315151515151515182e-01 3.987878787878788023e-01 4.042424242424242364e-01 4.066666666666666763e-01 4.078787878787878962e-01 3.927272727272727026e-01 3.993939393939394122e-01 3.975757575757575824e-01 3.957575757575757525e-01 3.987878787878788023e-01 3.854545454545454386e-01 3.969696969696969724e-01 3.981818181818181923e-01 4.012121212121211866e-01 4.115151515151515005e-01 4.006060606060606322e-01 4.018181818181817966e-01 4.000000000000000222e-01 3.927272727272727026e-01 3.903030303030303183e-01 4.054545454545454564e-01 4.078787878787878962e-01 3.921212121212121482e-01 3.818181818181818343e-01 3.824242424242424443e-01 3.806060606060606144e-01 3.866666666666666585e-01 3.927272727272727026e-01 3.890909090909090984e-01 4.048484848484848464e-01 3.963636363636363624e-01 3.896969696969697083e-01 4.309090909090909083e-01 4.290909090909090784e-01 4.230303030303030343e-01 4.175757575757576001e-01 4.139393939393939403e-01 4.078787878787878962e-01 4.133333333333333304e-01 4.127272727272727204e-01 4.060606060606060663e-01 4.078787878787878962e-01 4.096969696969696706e-01 4.309090909090909083e-01 4.206060606060605944e-01 4.248484848484848642e-01 4.236363636363636442e-01 4.363636363636363424e-01 4.303030303030302983e-01 4.345454545454545681e-01 4.339393939393939581e-01 4.181818181818181546e-01 4.109090909090908905e-01 4.090909090909091161e-01 4.157575757575757702e-01 4.157575757575757702e-01 4.199999999999999845e-01 4.248484848484848642e-01 4.260606060606060841e-01 4.254545454545454741e-01 4.109090909090908905e-01 4.121212121212121104e-01
3.127272727272727426e-01 3.084848484848484729e-01 0.000000000000000000e+00 2.375757575757575790e-01 2.145454545454545392e-01 2.206060606060606111e-01 2.218181818181818310e-01 3.272727272727272707e-01 3.424242424242424088e-01 3.339393939393939248e-01 3.830303030303030543e-01 4.103030303030302806e-01 4.048484848484848464e-01 4.042424242424242364e-01 4.036363636363636265e-01 3.909090909090909283e-01 3.836363636363636087e-01 4.012121212121211866e-01 4.127272727272727204e-01 4.284848484848484684e-01 3.945454545454545325e-01 3.909090909090909283e-01 4.090909090909091161e-01 4.048484848484848464e-01 4.024242424242424065e-01 3.969696969696969724e-01 4.054545454545454564e-01 4.048484848484848464e-01 3.884848484848484884e-01 3.896969696969697083e-01 3.933333333333333126e-01 3.860606060606060486e-01 4.048484848484848464e-01 3.945454545454545325e-01 3.860606060606060486e-01 3.884848484848484884e-01 3.806060606060606144e-01 3.775757575757575646e-01 4.254545454545454741e-01 4.121212121212121104e-01 4.254545454545454741e-01 4.193939393939393745e-01 4.199999999999999845e-01 4.103030303030302806e-01 4.157575757575757702e-01 4.072727272727272863e-01 4.218181818181818143e-01 4.060606060606060663e-01 4.084848484848485062e-01 4.248484848484848642e-01 4.096969696969696706e-01 4.060606060606060663e-01 3.939393939393939226e-01 4.121212121212121104e-01 4.163636363636363802e-01 3.987878787878788023e-01 4.139393939393939403e-01 4.145454545454545503e-01 4.042424242424242364e-01 4.042424242424242364e-01 4.042424242424242364e-01 3.896969696969697083e-01 3.812121212121212244e-01 3.818181818181818343e-01 3.903030303030303183e-01 3.896969696969697083e-01 4.169696969696969902e-01 4.212121212121212044e-01 4.218181818181818143e-01 4.078787878787878962e-01 4.315151515151515182e-01 4.387878787878787823e-01 4.284848484848484684e-01 4.254545454545454741e-01 4.284848484848484684e-01 4.103030303030302806e-01 4.212121212121212044e-01 4.127272727272727204e-01 4.072727272727272863e-01 4.230303030303030343e-01 4.260606060606060841e-01 4.303030303030302983e-01 4.484848484848484862e-01 4.400000000000000022e-01 4.393939393939393923e-01 4.400000000000000022e-01 4.363636363636363424e-01 4.303030303030302983e-01 4.254545454545454741e-01 4.321212121212121282e-01 4.254545454545454741e-01 4.139393939393939403e-01 4.363636363636363424e-01 4.321212121212121282e-01 4.412121212121212221e-01 4.327272727272727382e-01 4.303030303030302983e-01 4.296969696969696884e-01 4.315151515151515182e-01 4.242424242424242542e-01
3.248484848484848309e-01 3.248484848484848309e-01 2.375757575757575790e-01 0.000000000000000000e+00 2.412121212121212110e-01 2.309090909090908972e-01 2.375757575757575790e-01 3.296969696969697106e-01 3.387878787878788045e-01 3.254545454545454408e-01 3.963636363636363624e-01 4.169696969696969902e-01 4.121212121212121104e-01 4.096969696969696706e-01 4.084848484848485062e-01 3.957575757575757525e-01 3.957575757575757525e-01 4.060606060606060663e-01 4.242424242424242542e-01 4.290909090909090784e-01 4.024242424242424065e-01 4.078787878787878962e-01 4.115151515151515005e-01 4.266666666666666941e-01 4.157575757575757702e-01 4.187878787878787645e-01 4.157575757575757702e-01 4.175757575757576001e-01 3.921212121212121482e-01 3.993939393939394122e-01 3.981818181818181923e-01 4.000000000000000222e-01 4.272727272727272485e-01 4.030303030303030165e-01 3.939393939393939226e-01 3.963636363636363624e-01 3.957575757575757525e-01 3.909090909090909283e-01 4.260606060606060841e-01 4.048484848484848464e-01 4.248484848484848642e-01 4.206060606060605944e-01 4.218181818181818143e-01 4.084848484848485062e-01 4.133333333333333304e-01 4.133333333333333304e-01 4.084848484848485062e-01 4.072727272727272863e-01 4.103030303030302806e-01 4.260606060606060841e-01 4.084848484848485062e-01 4.193939393939393745e-01 4.127272727272727204e-01 4.248484848484848642e-01 4.230303030303030343e-01 4.060606060606060663e-01 4.066666666666666763e-01 3.975757575757575824e-01 4.060606060606060663e-01 4.060606060606060663e-01 4.090909090909091161e-01 3.939393939393939226e-01 3.896969696969697083e-01 3.915151515151515382e-01 3.975757575757575824e-01 3.963636363636363624e-01 4.193939393939393745e-01 4.121212121212121104e-01 4.145454545454545503e-01 4.181818181818181546e-01 4.430303030303030520e-01 4.412121212121212221e-01 4.484848484848484862e-01 4.400000000000000022e-01 4.430303030303030520e-01 4.169696969696969902e-01 4.357575757575757325e-01 4.236363636363636442e-01 4.260606060606060841e-01 4.303030303030302983e-01 4.296969696969696884e-01 4.466666666666666563e-01 4.575757575757575801e-01 4.551515151515151403e-01 4.490909090909090962e-01 4.460606060606060463e-01 4.363636363636363424e-01 4.345454545454545681e-01 4.375757575757575624e-01 4.393939393939393923e-01 4.242424242424242542e-01 4.363636363636363424e-01 4.460606060606060463e-01 4.442424242424242165e-01 4.509090909090909260e-01 4.533333333333333104e-01 4.533333333333333104e-01 4.533333333333333104e-01 4.569696969696969702e-01 4.454545454545454364e-01
3.036363636363636487e-01 3.103030303030303028e-01 2.145454545454545392e-01 2.412121212121212110e-01 0.000000000000000000e+00 1.939393939393939392e-01 1.915151515151515271e-01 3.072727272727272529e-01 3.187878787878787867e-01 3.121212121212121327e-01 3.739393939393939603e-01 3.963636363636363624e-01 3.781818181818181746e-01 3.848484848484848286e-01 3.896969696969697083e-01 3.830303030303030543e-01 3.818181818181818343e-01 3.854545454545454386e-01 4.054545454545454564e-01 4.163636363636363802e-01 3.969696969696969724e-01 3.945454545454545325e-01 3.987878787878788023e-01 4.103030303030302806e-01 3.909090909090909283e-01 3.921212121212121482e-01 4.066666666666666763e-01 4.060606060606060663e-01 3.872727272727272685e-01 3.830303030303030543e-01 3.836363636363636087e-01 3.866666666666666585e-01 4.151515151515151603e-01 3.969696969696969724e-01 3.696969696969696906e-01 3.733333333333333504e-01 3.757575757575757347e-01 3.715151515151515205e-01 4.199999999999999845e-01 3.981818181818181923e-01 4.133333333333333304e-01 4.066666666666666763e-01 4.066666666666666763e-01 3.921212121212121482e-01 4.060606060606060663e-01 3.981818181818181923e-01 4.012121212121211866e-01 3.963636363636363624e-01 4.133333333333333304e-01 4.096969696969696706e-01 4.072727272727272863e-01 4.151515151515151603e-01 4.054545454545454564e-01 4.133333333333333304e-01 4.103030303030302806e-01 3.975757575757575824e-01 3.927272727272727026e-01 3.945454545454545325e-01 3.969696969696969724e-01 3.981818181818181923e-01 3.987878787878788023e-01 3.800000000000000044e-01 3.721212121212121304e-01 3.727272727272727404e-01 3.733333333333333504e-01 3.884848484848484884e-01 4.096969696969696706e-01 4.187878787878787645e-01 4.109090909090908905e-01 4.054545454545454564e-01 4.139393939393939403e-01 4.260606060606060841e-01 4.103030303030302806e-01 4.206060606060605944e-01 4.218181818181818143e-01 4.036363636363636265e-01 4.151515151515151603e-01 3.939393939393939226e-01 4.024242424242424065e-01 4.060606060606060663e-01 4.060606060606060663e-01 4.224242424242424243e-01 4.303030303030302983e-01 4.242424242424242542e-01 4.375757575757575624e-01 4.375757575757575624e-01 4.387878787878787823e-01 4.212121212121212044e-01 4.187878787878787645e-01 4.193939393939393745e-01 4.169696969696969902e-01 4.078787878787878962e-01 4.206060606060605944e-01 4.218181818181818143e-01 4.157575757575757702e-01 4.303030303030302983e-01 4.242424242424242542e-01 4.236363636363636442e-01 4.133333333333333304e-01 4.157575757575757702e-01
3.078787878787878629e-01 3.115151515151515227e-01 2.206060606060606111e-01 2.309090909090908972e-01 1.939393939393939392e-01 0.000000000000000000e+00 3.757575757575757486e-02 3.048484848484848686e-01 3.145454545454545725e-01 3.078787878787878629e-01 3.787878787878787845e-01 3.963636363636363624e-01 3.915151515151515382e-01 3.921212121212121482e-01 3.915151515151515382e-01 3.878787878787878785e-01 3.830303030303030543e-01 3.963636363636363624e-01 4.084848484848485062e-01 4.199999999999999845e-01 3.933333333333333126e-01 3.987878787878788023e-01 4.103030303030302806e-01 4.133333333333333304e-01 4.000000000000000222e-01 3.884848484848484884e-01 4.133333333333333304e-01 3.915151515151515382e-01 3.878787878787878785e-01 3.684848484848484707e-01 3.781818181818181746e-01 3.763636363636363447e-01 4.018181818181817966e-01 3.854545454545454386e-01 3.739393939393939603e-01 3.696969696969696906e-01 3.763636363636363447e-01 3.781818181818181746e-01 4.236363636363636442e-01 4.030303030303030165e-01 4.248484848484848642e-01 4.000000000000000222e-01 4.030303030303030165e-01 4.036363636363636265e-01 4.109090909090908905e-01 4.036363636363636265e-01 4.175757575757576001e-01 4.066666666666666763e-01 4.096969696969696706e-01 4.145454545454545503e-01 4.012121212121211866e-01 4.036363636363636265e-01 4.048484848484848464e-01 4.139393939393939403e-01 4.169696969696969902e-01 4.024242424242424065e-01 4.012121212121211866e-01 3.981818181818181923e-01 4.018181818181817966e-01 4.018181818181817966e-01 4.115151515151515005e-01 3.872727272727272685e-01 3.763636363636363447e-01 3.763636363636363447e-01 3.751515151515151247e-01 3.963636363636363624e-01 4.109090909090908905e-01 4.163636363636363802e-01 4.181818181818181546e-01 4.145454545454545503e-01 4.133333333333333304e-01 4.115151515151515005e-01 4.127272727272727204e-01 4.157575757575757702e-01 4.109090909090908905e-01 4.109090909090908905e-01 4.139393939393939403e-01 4.042424242424242364e-01 4.121212121212121104e-01 4.151515151515151603e-01 4.157575757575757702e-01 4.369696969696969524e-01 4.387878787878787823e-01 4.339393939393939581e-01 4.272727272727272485e-01 4.448484848484848264e-01 4.424242424242424421e-01 4.296969696969696884e-01 4.290909090909090784e-01 4.193939393939393745e-01 4.193939393939393745e-01 4.169696969696969902e-01 4.242424242424242542e-01 4.309090909090909083e-01 4.387878787878787823e-01 4.375757575757575624e-01 4.406060606060606122e-01 4.406060606060606122e-01 4.363636363636363424e-01 4.290909090909090784e-01
3.090909090909090828e-01 3.133333333333333526e-01 2.218181818181818310e-01 2.375757575757575790e-01 1.915151515151515271e-01 3.757575757575757486e-02 0.000000000000000000e+00 3.078787878787878629e-01 3.151515151515151270e-01 3.103030303030303028e-01 3.818181818181818343e-01 3.945454545454545325e-01 3.878787878787878785e-01 3.896969696969697083e-01 3.878787878787878785e-01 3.927272727272727026e-01 3.830303030303030543e-01 3.884848484848484884e-01 4.096969696969696706e-01 4.193939393939393745e-01 3.927272727272727026e-01 3.993939393939394122e-01 4.060606060606060663e-01 4.121212121212121104e-01 3.993939393939394122e-01 3.860606060606060486e-01 4.096969696969696706e-01 3.939393939393939226e-01 3.860606060606060486e-01 3.690909090909090806e-01 3.806060606060606144e-01 3.781818181818181746e-01 4.018181818181817966e-01 3.854545454545454386e-01 3.721212121212121304e-01 3.709090909090909105e-01 3.763636363636363447e-01 3.775757575757575646e-01 4.266666666666666941e-01 4.084848484848485062e-01 4.236363636363636442e-01 3.987878787878788023e-01 4.012121212121211866e-01 4.042424242424242364e-01 4.096969696969696706e-01 3.993939393939394122e-01 4.151515151515151603e-01 4.066666666666666763e-01 4.072727272727272863e-01 4.078787878787878962e-01 4.018181818181817966e-01 3.981818181818181923e-01 4.042424242424242364e-01 4.133333333333333304e-01 4.145454545454545503e-01 4.018181818181817966e-01 3.981818181818181923e-01 3.981818181818181923e-01 4.024242424242424065e-01 4.000000000000000222e-01 4.072727272727272863e-01 3.866666666666666585e-01 3.739393939393939603e-01 3.751515151515151247e-01 3.696969696969696906e-01 3.921212121212121482e-01 4.096969696969696706e-01 4.193939393939393745e-01 4.157575757575757702e-01 4.121212121212121104e-01 4.121212121212121104e-01 4.109090909090908905e-01 4.175757575757576001e-01 4.163636363636363802e-01 4.151515151515151603e-01 4.157575757575757702e-01 4.175757575757576001e-01 4.054545454545454564e-01 4.109090909090908905e-01 4.151515151515151603e-01 4.187878787878787645e-01 4.351515151515151780e-01 4.406060606060606122e-01 4.357575757575757325e-01 4.272727272727272485e-01 4.400000000000000022e-01 4.393939393939393923e-01 4.315151515151515182e-01 4.278787878787878585e-01 4.151515151515151603e-01 4.224242424242424243e-01 4.127272727272727204e-01 4.236363636363636442e-01 4.272727272727272485e-01 4.357575757575757325e-01 4.333333333333333481e-01 4.339393939393939581e-01 4.339393939393939581e-01 4.321212121212121282e-01 4.260606060606060841e-01
3.096969696969696928e-01 3.169696969696969568e-01 3.272727272727272707e-01 3.296969696969697106e-01 3.072727272727272529e-01 3.048484848484848686e-01 3.078787878787878629e-01 0.000000000000000000e+00 7.939393939393939170e-02 7.454545454545453975e-02 3.824242424242424443e-01 4.012121212121211866e-01 4.060606060606060663e-01 4.024242424242424065e-01 3.969696969696969724e-01 3.812121212121212244e-01 3.769696969696969546e-01 3.709090909090909105e-01 4.018181818181817966e-01 4.303030303030302983e-01 3.890909090909090984e-01 3.842424242424242187e-01 3.975757575757575824e-01 3.951515151515151425e-01 3.987878787878788023e-01 3.818181818181818343e-01 4.090909090909091161e-01 4.054545454545454564e-01 3.939393939393939226e-01 3.896969696969697083e-01 3.878787878787878785e-01 3.745454545454545703e-01 3.957575757575757525e-01 3.933333333333333126e-01 3.842424242424242187e-01 3.842424242424242187e-01 3.872727272727272685e-01 3.757575757575757347e-01 4.381818181818181723e-01 4.139393939393939403e-01 4.109090909090908905e-01 4.042424242424242364e-01 4.072727272727272863e-01 3.909090909090909283e-01 4.054545454545454564e-01 4.084848484848485062e-01 4.006060606060606322e-01 4.006060606060606322e-01 4.006060606060606322e-01 4.078787878787878962e-01 4.012121212121211866e-01 4.054545454545454564e-01 4.084848484848485062e-01 4.036363636363636265e-01 4.078787878787878962e-01 3.963636363636363624e-01 3.981818181818181923e-01 3.915151515151515382e-01 3.969696969696969724e-01 3.975757575757575824e-01 3.987878787878788023e-01 3.842424242424242187e-01 3.866666666666666585e-01 3.909090909090909283e-01 3.915151515151515382e-01 3.872727272727272685e-01 4.072727272727272863e-01 4.187878787878787645e-01 4.030303030303030165e-01 4.054545454545454564e-01 4.284848484848484684e-01 4.260606060606060841e-01 4.303030303030302983e-01 4.236363636363636442e-01 4.242424242424242542e-01 4.278787878787878585e-01 4.260606060606060841e-01 4.175757575757576001e-01 4.193939393939393745e-01 4.181818181818181546e-01 4.169696969696969902e-01 4.351515151515151780e-01 4.387878787878787823e-01 4.321212121212121282e-01 4.266666666666666941e-01 4.284848484848484684e-01 4.254545454545454741e-01 4.230303030303030343e-01 4.303030303030302983e-01 4.393939393939393923e-01 4.278787878787878585e-01 4.121212121212121104e-01 4.224242424242424243e-01 4.254545454545454741e-01 4.266666666666666941e-01 4.278787878787878585e-01 4.260606060606060841e-01 4.266666666666666941e-01 4.272727272727272485e-01 4.169696969696969902e-01
3.187878787878787867e-01 3.260606060606060508e-01 3.424242424242424088e-01 3.387878787878788045e-01 3.187878787878787867e-01 3.145454545454545725e-01 3.151515151515151270e-01 7.939393939393939170e-02 0.000000000000000000e+00 1.036363636363636376e-01 3.793939393939393945e-01 4.018181818181817966e-01 3.975757575757575824e-01 3.981818181818181923e-01 3.993939393939394122e-01 3.836363636363636087e-01 3.769696969696969546e-01 3.672727272727272507e-01 4.030303030303030165e-01 4.284848484848484684e-01 3.787878787878787845e-01 3.842424242424242187e-01 3.933333333333333126e-01 4.030303030303030165e-01 3.933333333333333126e-01 3.933333333333333126e-01 4.151515151515151603e-01 4.084848484848485062e-01 3.951515151515151425e-01 3.890909090909090984e-01 3.939393939393939226e-01 3.757575757575757347e-01 3.884848484848484884e-01 3.921212121212121482e-01 3.848484848484848286e-01 3.872727272727272685e-01 3.896969696969697083e-01 3.818181818181818343e-01 4.375757575757575624e-01 4.187878787878787645e-01 4.078787878787878962e-01 4.054545454545454564e-01 4.078787878787878962e-01 3.951515151515151425e-01 4.042424242424242364e-01 4.151515151515151603e-01 4.072727272727272863e-01 3.993939393939394122e-01 3.969696969696969724e-01 4.127272727272727204e-01 4.012121212121211866e-01 4.036363636363636265e-01 4.090909090909091161e-01 4.096969696969696706e-01 4.139393939393939403e-01 3.951515151515151425e-01 4.036363636363636265e-01 3.969696969696969724e-01 4.054545454545454564e-01 4.048484848484848464e-01 4.036363636363636265e-01 3.909090909090909283e-01 3.890909090909090984e-01 3.963636363636363624e-01 3.981818181818181923e-01 3.987878787878788023e-01 4.127272727272727204e-01 4.193939393939393745e-01 4.072727272727272863e-01 4.115151515151515005e-01 4.339393939393939581e-01 4.339393939393939581e-01 4.345454545454545681e-01 4.260606060606060841e-01 4.284848484848484684e-01 4.212121212121212044e-01 4.230303030303030343e-01 4.206060606060605944e-01 4.242424242424242542e-01 4.218181818181818143e-01 4.218181818181818143e-01 4.339393939393939581e-01 4.363636363636363424e-01 4.333333333333333481e-01 4.339393939393939581e-01 4.303030303030302983e-01 4.254545454545454741e-01 4.212121212121212044e-01 4.290909090909090784e-01 4.381818181818181723e-01 4.266666666666666941e-01 4.127272727272727204e-01 4.248484848484848642e-01 4.309090909090909083e-01 4.272727272727272485e-01 4.333333333333333481e-01 4.254545454545454741e-01 4.260606060606060841e-01 4.248484848484848642e-01 4.169696969696969902e-01
3.169696969696969568e-01 3.236363636363636109e-01 3.339393939393939248e-01 3.254545454545454408e-01 3.121212121212121327e-01 3.078787878787878629e-01 3.103030303030303028e-01 7.454545454545453975e-02 1.036363636363636376e-01 0.000000000000000000e+00 3.909090909090909283e-01 4.096969696969696706e-01 4.103030303030302806e-01 4.072727272727272863e-01 3.969696969696969724e-01 3.775757575757575646e-01 3.812121212121212244e-01 3.818181818181818343e-01 4.042424242424242364e-01 4.357575757575757325e-01 3.860606060606060486e-01 3.824242424242424443e-01 3.981818181818181923e-01 4.012121212121211866e-01 3.987878787878788023e-01 3.896969696969697083e-01 4.090909090909091161e-01 4.024242424242424065e-01 3.921212121212121482e-01 3.945454545454545325e-01 3.939393939393939226e-01 3.781818181818181746e-01 3.915151515151515382e-01 3.921212121212121482e-01 3.836363636363636087e-01 3.872727272727272685e-01 3.927272727272727026e-01 3.787878787878787845e-01 4.375757575757575624e-01 4.212121212121212044e-01 4.066666666666666763e-01 4.090909090909091161e-01 4.127272727272727204e-01 3.951515151515151425e-01 4.078787878787878962e-01 4.145454545454545503e-01 4.000000000000000222e-01 3.981818181818181923e-01 4.012121212121211866e-01 4.115151515151515005e-01 4.054545454545454564e-01 4.109090909090908905e-01 4.090909090909091161e-01 4.139393939393939403e-01 4.206060606060605944e-01 3.981818181818181923e-01 4.030303030303030165e-01 3.945454545454545325e-01 4.054545454545454564e-01 4.060606060606060663e-01 4.096969696969696706e-01 3.915151515151515382e-01 3.921212121212121482e-01 4.000000000000000222e-01 3.963636363636363624e-01 3.969696969696969724e-01 4.066666666666666763e-01 4.096969696969696706e-01 4.048484848484848464e-01 4.084848484848485062e-01 4.309090909090909083e-01 4.333333333333333481e-01 4.339393939393939581e-01 4.248484848484848642e-01 4.230303030303030343e-01 4.248484848484848642e-01 4.278787878787878585e-01 4.224242424242424243e-01 4.224242424242424243e-01 4.212121212121212044e-01 4.169696969696969902e-01 4.357575757575757325e-01 4.436363636363636620e-01 4.363636363636363424e-01 4.260606060606060841e-01 4.303030303030302983e-01 4.260606060606060841e-01 4.339393939393939581e-01 4.375757575757575624e-01 4.351515151515151780e-01 4.230303030303030343e-01 4.157575757575757702e-01 4.212121212121212044e-01 4.266666666666666941e-01 4.315151515151515182e-01 4.309090909090909083e-01 4.254545454545454741e-01 4.248484848484848642e-01 4.278787878787878585e-01 4.181818181818181546e-01
3.836363636363636087e-01 3.890909090909090984e-01 3.830303030303030543e-01 3.963636363636363624e-01 3.739393939393939603e-01 3.787878787878787845e-01 3.818181818181818343e-01 3.824242424242424443e-01 3.793939393939393945e-01 3.909090909090909283e-01 0.000000000000000000e+00 2.539393939393939648e-01 2.333333333333333370e-01 2.412121212121212110e-01 3.054545454545454786e-01 3.248484848484848309e-01 3.084848484848484729e-01 3.175757575757575668e-01 3.666666666666666408e-01 4.157575757575757702e-01 3.648484848484848664e-01 3.721212121212121304e-01 3.793939393939393945e-01 3.830303030303030543e-01 3.854545454545454386e-01 3.878787878787878785e-01 3.963636363636363624e-01 3.915151515151515382e-01 3.793939393939393945e-01 3.721212121212121304e-01 3.715151515151515205e-01 3.703030303030303005e-01 3.836363636363636087e-01 3.824242424242424443e-01 3.727272727272727404e-01 3.775757575757575646e-01 3.696969696969696906e-01 3.709090909090909105e-01 4.163636363636363802e-01 3.842424242424242187e-01 4.127272727272727204e-01 4.133333333333333304e-01 4.175757575757576001e-01 3.969696969696969724e-01 3.939393939393939226e-01 3.987878787878788023e-01 3.975757575757575824e-01 3.993939393939394122e-01 3.987878787878788023e-01 4.218181818181818143e-01 4.030303030303030165e-01 4.072727272727272863e-01 3.945454545454545325e-01 4.060606060606060663e-01 4.048484848484848464e-01 4.121212121212121104e-01 4.012121212121211866e-01 4.103030303030302806e-01 4.084848484848485062e-01 4.078787878787878962e-01 3.951515151515151425e-01 3.818181818181818343e-01 3.860606060606060486e-01 3.854545454545454386e-01 3.890909090909090984e-01 3.921212121212121482e-01 4.000000000000000222e-01 4.042424242424242364e-01 4.024242424242424065e-01 3.933333333333333126e-01 4.260606060606060841e-01 4.290909090909090784e-01 4.339393939393939581e-01 4.230303030303030343e-01 4.230303030303030343e-01 4.181818181818181546e-01 4.230303030303030343e-01 4.175757575757576001e-01 4.151515151515151603e-01 4.103030303030302806e-01 4.109090909090908905e-01 4.169696969696969902e-01 4.248484848484848642e-01 4.278787878787878585e-01 4.218181818181818143e-01 4.345454545454545681e-01 4.393939393939393923e-01 4.351515151515151780e-01 4.309090909090909083e-01 4.072727272727272863e-01 4.066666666666666763e-01 4.151515151515151603e-01 4.078787878787878962e-01 4.175757575757576001e-01 4.375757575757575624e-01 4.193939393939393745e-01 4.187878787878787645e-01 4.181818181818181546e-01 4.230303030303030343e-01 4.157575757575757702e-01
3.848484848484848286e-01 3.957575757575757525e-01 4.103030303030302806e-01 4.169696969696969902e-01 3.963636363636363624e-01 3.963636363636363624e-01 3.945454545454545325e-01 4.012121212121211866e-01 4.018181818181817966e-01 4.096969696969696706e-01 2.539393939393939648e-01 0.000000000000000000e+00 1.806060606060606033e-01 1.933333333333333293e-01 3.181818181818181768e-01 3.303030303030303205e-01 3.224242424242424465e-01 3.260606060606060508e-01 3.781818181818181746e-01 4.175757575757576001e-01 3.812121212121212244e-01 3.866666666666666585e-01 3.915151515151515382e-01 4.066666666666666763e-01 4.054545454545454564e-01 3.969696969696969724e-01 4.193939393939393745e-01 4.018181818181817966e-01 3.915151515151515382e-01 3.854545454545454386e-01 3.830303030303030543e-01 3.842424242424242187e-01 4.024242424242424065e-01 3.981818181818181923e-01 3.878787878787878785e-01 3.842424242424242187e-01 3.727272727272727404e-01 3.854545454545454386e-01 4.157575757575757702e-01 4.000000000000000222e-01 4.187878787878787645e-01 4.145454545454545503e-01 4.169696969696969902e-01 4.030303030303030165e-01 3.975757575757575824e-01 4.036363636363636265e-01 4.145454545454545503e-01 4.103030303030302806e-01 4.145454545454545503e-01 4.024242424242424065e-01 4.036363636363636265e-01 4.115151515151515005e-01 4.090909090909091161e-01 4.048484848484848464e-01 4.084848484848485062e-01 4.121212121212121104e-01 4.078787878787878962e-01 4.090909090909091161e-01 4.333333333333333481e-01 4.339393939393939581e-01 4.084848484848485062e-01 4.000000000000000222e-01 3.987878787878788023e-01 3.939393939393939226e-01 3.854545454545454386e-01 3.939393939393939226e-01 4.024242424242424065e-01 4.024242424242424065e-01 4.042424242424242364e-01 3.963636363636363624e-01 4.103030303030302806e-01 4.236363636363636442e-01 4.260606060606060841e-01 4.206060606060605944e-01 4.181818181818181546e-01 4.163636363636363802e-01 4.309090909090909083e-01 4.212121212121212044e-01 4.193939393939393745e-01 4.248484848484848642e-01 4.230303030303030343e-01 4.369696969696969524e-01 4.303030303030302983e-01 4.345454545454545681e-01 4.345454545454545681e-01 4.363636363636363424e-01 4.327272727272727382e-01 4.351515151515151780e-01 4.327272727272727382e-01 4.157575757575757702e-01 4.060606060606060663e-01 4.060606060606060663e-01 4.139393939393939403e-01 4.206060606060605944e-01 4.363636363636363424e-01 4.375757575757575624e-01 4.333333333333333481e-01 4.333333333333333481e-01 4.278787878787878585e-01 4.242424242424242542e-01
3.775757575757575646e-01 3.884848484848484884e-01 4.048484848484848464e-01 4.121212121212121104e-01 3.781818181818181746e-01 3.915151515151515382e-01 3.878787878787878785e-01 4.060606060606060663e-01 3.975757575757575824e-01 4.103030303030302806e-01 2.333333333333333370e-01 1.806060606060606033e-01 0.000000000000000000e+00 1.260606060606060674e-01 3.163636363636363469e-01 3.272727272727272707e-01 3.181818181818181768e-01 3.163636363636363469e-01 3.872727272727272685e-01 4.066666666666666763e-01 3.787878787878787845e-01 3.745454545454545703e-01 3.824242424242424443e-01 3.933333333333333126e-01 3.921212121212121482e-01 3.866666666666666585e-01 4.024242424242424065e-01 3.945454545454545325e-01 3.769696969696969546e-01 3.757575757575757347e-01 3.642424242424242564e-01 3.745454545454545703e-01 3.824242424242424443e-01 3.951515151515151425e-01 3.696969696969696906e-01 3.733333333333333504e-01 3.503030303030302828e-01 3.606060606060605966e-01 4.157575757575757702e-01 3.854545454545454386e-01 4.157575757575757702e-01 4.060606060606060663e-01 4.109090909090908905e-01 4.012121212121211866e-01 3.981818181818181923e-01 4.006060606060606322e-01 4.036363636363636265e-01 3.993939393939394122e-01 4.096969696969696706e-01 4.199999999999999845e-01 3.903030303030303183e-01 4.054545454545454564e-01 4.000000000000000222e-01 4.006060606060606322e-01 4.006060606060606322e-01 4.012121212121211866e-01 3.945454545454545325e-01 4.000000000000000222e-01 4.090909090909091161e-01 4.090909090909091161e-01 3.951515151515151425e-01 3.757575757575757347e-01 3.903030303030303183e-01 3.903030303030303183e-01 3.866666666666666585e-01 3.800000000000000044e-01 3.957575757575757525e-01 3.993939393939394122e-01 3.975757575757575824e-01 3.890909090909090984e-01 4.163636363636363802e-01 4.266666666666666941e-01 4.224242424242424243e-01 4.199999999999999845e-01 4.151515151515151603e-01 4.072727272727272863e-01 4.236363636363636442e-01 4.199999999999999845e-01 4.096969696969696706e-01 4.090909090909091161e-01 4.084848484848485062e-01 4.248484848484848642e-01 4.290909090909090784e-01 4.327272727272727382e-01 4.309090909090909083e-01 4.260606060606060841e-01 4.248484848484848642e-01 4.321212121212121282e-01 4.345454545454545681e-01 4.096969696969696706e-01 4.042424242424242364e-01 4.090909090909091161e-01 4.109090909090908905e-01 4.157575757575757702e-01 4.290909090909090784e-01 4.212121212121212044e-01 4.193939393939393745e-01 4.193939393939393745e-01 4.193939393939393745e-01 4.115151515151515005e-01
3.806060606060606144e-01 3.884848484848484884e-01 4.042424242424242364e-01 4.096969696969696706e-01 3.848484848484848286e-01 3.921212121212121482e-01 3.896969696969697083e-01 4.024242424242424065e-01 3.981818181818181923e-01 4.072727272727272863e-01 2.412121212121212110e-01 1.933333333333333293e-01 1.260606060606060674e-01 0.000000000000000000e+00 3.103030303030303028e-01 3.266666666666666607e-01 3.096969696969696928e-01 3.175757575757575668e-01 3.878787878787878785e-01 4.078787878787878962e-01 3.787878787878787845e-01 3.727272727272727404e-01 3.884848484848484884e-01 3.860606060606060486e-01 3.903030303030303183e-01 3.848484848484848286e-01 4.054545454545454564e-01 3.939393939393939226e-01 3.781818181818181746e-01 3.678787878787878607e-01 3.696969696969696906e-01 3.781818181818181746e-01 3.866666666666666585e-01 3.848484848484848286e-01 3.787878787878787845e-01 3.787878787878787845e-01 3.563636363636363824e-01 3.599999999999999867e-01 4.151515151515151603e-01 3.896969696969697083e-01 4.078787878787878962e-01 4.096969696969696706e-01 4.109090909090908905e-01 3.884848484848484884e-01 3.836363636363636087e-01 3.951515151515151425e-01 3.975757575757575824e-01 3.933333333333333126e-01 4.048484848484848464e-01 4.012121212121211866e-01 3.872727272727272685e-01 3.939393939393939226e-01 3.878787878787878785e-01 3.903030303030303183e-01 3.939393939393939226e-01 3.957575757575757525e-01 3.927272727272727026e-01 3.969696969696969724e-01 4.072727272727272863e-01 4.072727272727272863e-01 3.963636363636363624e-01 3.872727272727272685e-01 3.909090909090909283e-01 3.860606060606060486e-01 3.939393939393939226e-01 3.818181818181818343e-01 4.006060606060606322e-01 4.036363636363636265e-01 4.060606060606060663e-01 3.981818181818181923e-01 4.254545454545454741e-01 4.272727272727272485e-01 4.272727272727272485e-01 4.272727272727272485e-01 4.266666666666666941e-01 4.060606060606060663e-01 4.187878787878787645e-01 4.127272727272727204e-01 4.072727272727272863e-01 4.103030303030302806e-01 4.096969696969696706e-01 4.284848484848484684e-01 4.278787878787878585e-01 4.272727272727272485e-01 4.248484848484848642e-01 4.290909090909090784e-01 4.309090909090909083e-01 4.321212121212121282e-01 4.339393939393939581e-01 4.072727272727272863e-01 3.993939393939394122e-01 4.151515151515151603e-01 4.090909090909091161e-01 4.145454545454545503e-01 4.266666666666666941e-01 4.242424242424242542e-01 4.224242424242424243e-01 4.224242424242424243e-01 4.157575757575757702e-01 4.103030303030302806e-01
3.866666666666666585e-01 4.018181818181817966e-01 4.036363636363636265e-01 4.084848484848485062e-01 3.896969696969697083e-01 3.915151515151515382e-01 3.878787878787878785e-01 3.969696969696969724e-01 3.993939393939394122e-01 3.969696969696969724e-01 3.054545454545454786e-01 3.181818181818181768e-01 3.163636363636363469e-01 3.103030303030303028e-01 0.000000000000000000e+00 3.157575757575757369e-01 3.236363636363636109e-01 3.218181818181818366e-01 3.848484848484848286e-01 4.163636363636363802e-01 3.739393939393939603e-01 3.818181818181818343e-01 3.854545454545454386e-01 3.963636363636363624e-01 3.836363636363636087e-01 3.836363636363636087e-01 4.163636363636363802e-01 3.981818181818181923e-01 3.818181818181818343e-01 3.715151515151515205e-01 3.684848484848484707e-01 3.557575757575757724e-01 3.769696969696969546e-01 3.745454545454545703e-01 3.642424242424242564e-01 3.648484848484848664e-01 3.648484848484848664e-01 3.727272727272727404e-01 4.121212121212121104e-01 4.000000000000000222e-01 4.006060606060606322e-01 4.066666666666666763e-01 4.078787878787878962e-01 3.787878787878787845e-01 3.854545454545454386e-01 3.921212121212121482e-01 3.921212121212121482e-01 3.872727272727272685e-01 3.860606060606060486e-01 4.030303030303030165e-01 3.951515151515151425e-01 3.824242424242424443e-01 3.806060606060606144e-01 4.084848484848485062e-01 4.036363636363636265e-01 4.048484848484848464e-01 3.993939393939394122e-01 4.115151515151515005e-01 3.945454545454545325e-01 3.945454545454545325e-01 3.963636363636363624e-01 3.721212121212121304e-01 3.793939393939393945e-01 3.763636363636363447e-01 3.787878787878787845e-01 3.715151515151515205e-01 3.884848484848484884e-01 3.860606060606060486e-01 3.921212121212121482e-01 3.872727272727272685e-01 4.230303030303030343e-01 4.230303030303030343e-01 4.272727272727272485e-01 4.254545454545454741e-01 4.315151515151515182e-01 4.103030303030302806e-01 4.242424242424242542e-01 4.030303030303030165e-01 3.957575757575757525e-01 4.212121212121212044e-01 4.206060606060605944e-01 4.163636363636363802e-01 4.315151515151515182e-01 4.260606060606060841e-01 4.139393939393939403e-01 4.199999999999999845e-01 4.236363636363636442e-01 4.400000000000000022e-01 4.363636363636363424e-01 4.072727272727272863e-01 3.957575757575757525e-01 3.927272727272727026e-01 4.139393939393939403e-01 4.187878787878787645e-01 4.272727272727272485e-01 4.303030303030302983e-01 4.218181818181818143e-01 4.224242424242424243e-01 4.260606060606060841e-01 4.133333333333333304e-01
3.866666666666666585e-01 3.915151515151515382e-01 3.909090909090909283e-01 3.957575757575757525e-01 3.830303030303030543e-01 3.878787878787878785e-01 3.927272727272727026e-01 3.812121212121212244e-01 3.836363636363636087e-01 3.775757575757575646e-01 3.248484848484848309e-01 3.303030303030303205e-01 3.272727272727272707e-01 3.266666666666666607e-01 3.157575757575757369e-01 0.000000000000000000e+00 3.054545454545454786e-01 3.127272727272727426e-01 3.599999999999999867e-01 4.024242424242424065e-01 3.800000000000000044e-01 3.727272727272727404e-01 3.890909090909090984e-01 3.987878787878788023e-01 3.872727272727272685e-01 3.836363636363636087e-01 4.024242424242424065e-01 3.927272727272727026e-01 3.800000000000000044e-01 3.733333333333333504e-01 3.757575757575757347e-01 3.781818181818181746e-01 3.909090909090909283e-01 3.806060606060606144e-01 3.666666666666666408e-01 3.612121212121212066e-01 3.703030303030303005e-01 3.684848484848484707e-01 4.224242424242424243e-01 4.012121212121211866e-01 4.078787878787878962e-01 4.078787878787878962e-01 4.103030303030302806e-01 3.878787878787878785e-01 3.854545454545454386e-01 3.939393939393939226e-01 3.812121212121212244e-01 3.769696969696969546e-01 3.763636363636363447e-01 3.981818181818181923e-01 3.854545454545454386e-01 3.878787878787878785e-01 3.836363636363636087e-01 4.060606060606060663e-01 4.018181818181817966e-01 3.854545454545454386e-01 3.878787878787878785e-01 3.872727272727272685e-01 3.890909090909090984e-01 3.909090909090909283e-01 3.872727272727272685e-01 3.842424242424242187e-01 3.781818181818181746e-01 3.727272727272727404e-01 3.733333333333333504e-01 3.739393939393939603e-01 4.006060606060606322e-01 4.157575757575757702e-01 3.981818181818181923e-01 4.018181818181817966e-01 4.127272727272727204e-01 4.224242424242424243e-01 4.151515151515151603e-01 4.206060606060605944e-01 4.181818181818181546e-01 4.012121212121211866e-01 4.109090909090908905e-01 4.127272727272727204e-01 3.957575757575757525e-01 4.272727272727272485e-01 4.193939393939393745e-01 4.212121212121212044e-01 4.199999999999999845e-01 4.224242424242424243e-01 4.139393939393939403e-01 4.169696969696969902e-01 4.254545454545454741e-01 4.375757575757575624e-01 4.236363636363636442e-01 3.957575757575757525e-01 3.987878787878788023e-01 4.090909090909091161e-01 4.084848484848485062e-01 4.115151515151515005e-01 4.309090909090909083e-01 4.206060606060605944e-01 4.199999999999999845e-01 4.206060606060605944e-01 4.224242424242424243e-01 4.109090909090908905e-01
