0.000000000000000000e+00 1.774779599146972253e-01 2.449936254064043473e-01 2.405355183628096472e-01 2.432072013780040010e-01 2.445466203271147443e-01 2.400911616795238790e-01 2.220955651143607101e-01 2.207956129352803276e-01 2.121863735770255777e-01 2.247022485647555690e-01 2.508290663161546474e-01 2.481301429718181517e-01 2.440998815071950268e-01 2.676905359769325976e-01 2.343383554231423249e-01 2.365457542499871946e-01 2.436534086296384405e-01 2.463362413790781691e-01 2.580740411490022312e-01 2.481301429718181517e-01 2.512798326324384157e-01 2.512798326324384157e-01 2.286293398604244964e-01 2.286293398604244964e-01 2.535377369970918116e-01 2.608090522836392644e-01 2.517308700320198267e-01 2.517308700320198267e-01 2.585291842801951678e-01 2.603525239140598302e-01 2.594403000026939132e-01 2.732415481592583295e-01 2.663091787870938143e-01 2.741707244086037387e-01 2.690744420589820107e-01 2.594403000026939132e-01 2.608090522836392644e-01 2.553489675010310322e-01 2.585291842801951678e-01 2.530856119959586370e-01 2.686128562407401055e-01 2.630958718213778358e-01 2.649303611175731765e-01 2.686128562407401055e-01 2.751010532440404388e-01 2.741707244086037387e-01 2.681515543297336990e-01 2.718499386475427548e-01 2.732415481592583295e-01 2.797700867917060630e-01 2.535377369970918116e-01 2.690744420589820107e-01 2.494783906134384610e-01 2.617229435421281059e-01 2.727773913625974322e-01 2.709236314075199603e-01 2.690744420589820107e-01 2.778989839501189163e-01 2.535377369970918116e-01 2.463362413790781691e-01 2.458884356139585114e-01 2.481301429718181517e-01 2.621803071095082927e-01 2.553489675010310322e-01 2.449936254064043473e-01 2.467843146772805696e-01 2.472326558284219655e-01 2.454408970626381081e-01 2.562562256761812263e-01 2.499283456314339291e-01 2.608090522836392644e-01 2.467843146772805696e-01 2.508290663161546474e-01 2.303813359851381026e-01 2.535377369970918116e-01 2.558024594023817211e-01 2.539901347186603875e-01 2.454408970626381081e-01 2.449936254064043473e-01 2.503785707575104102e-01 2.454408970626381081e-01 2.463362413790781691e-01 2.490287053796209349e-01 2.603525239140598302e-01 2.405355183628096472e-01 2.405355183628096472e-01 2.383163629810658990e-01 2.490287053796209349e-01 2.383163629810658990e-01 2.338976542058786579e-01 2.699984668165209545e-01 2.612658587133535604e-01 2.571645826705444282e-01 2.512798326324384157e-01 2.558024594023817211e-01 2.418701702226802031e-01 2.365457542499871946e-01 2.503785707575104102e-01 2.476812651529326503e-01
1.774779599146972253e-01 0.000000000000000000e+00 2.414250223215916868e-01 2.414250223215916868e-01 2.499283456314339291e-01 2.409801384726595608e-01 2.467843146772805696e-01 2.070678702981210151e-01 2.083442249599496976e-01 2.164786401569202823e-01 2.238323470560592832e-01 2.361037544336387350e-01 2.449936254064043473e-01 2.387596690721912052e-01 2.553489675010310322e-01 2.356620149489927485e-01 2.361037544336387350e-01 2.427612594364148835e-01 2.423155824895575627e-01 2.432072013780040010e-01 2.423155824895575627e-01 2.405355183628096472e-01 2.361037544336387350e-01 2.290669553547035053e-01 2.365457542499871946e-01 2.361037544336387350e-01 2.709236314075199603e-01 2.503785707575104102e-01 2.508290663161546474e-01 2.494783906134384610e-01 2.472326558284219655e-01 2.427612594364148835e-01 2.558024594023817211e-01 2.548957496405277467e-01 2.621803071095082927e-01 2.558024594023817211e-01 2.476812651529326503e-01 2.485792896066607305e-01 2.512798326324384157e-01 2.526337593866491149e-01 2.521821788411449106e-01 2.649303611175731765e-01 2.603525239140598302e-01 2.562562256761812263e-01 2.562562256761812263e-01 2.571645826705444282e-01 2.585291842801951678e-01 2.580740411490022312e-01 2.594403000026939132e-01 2.594403000026939132e-01 2.699984668165209545e-01 2.539901347186603875e-01 2.681515543297336990e-01 2.567102666546330902e-01 2.517308700320198267e-01 2.695363121341350920e-01 2.653896854148736217e-01 2.608090522836392644e-01 2.653896854148736217e-01 2.499283456314339291e-01 2.356620149489927485e-01 2.526337593866491149e-01 2.481301429718181517e-01 2.603525239140598302e-01 2.686128562407401055e-01 2.423155824895575627e-01 2.458884356139585114e-01 2.409801384726595608e-01 2.418701702226802031e-01 2.423155824895575627e-01 2.432072013780040010e-01 2.530856119959586370e-01 2.400911616795238790e-01 2.445466203271147443e-01 2.325771021675617223e-01 2.472326558284219655e-01 2.454408970626381081e-01 2.374305361064348308e-01 2.440998815071950268e-01 2.436534086296384405e-01 2.418701702226802031e-01 2.432072013780040010e-01 2.499283456314339291e-01 2.383163629810658990e-01 2.436534086296384405e-01 2.432072013780040010e-01 2.432072013780040010e-01 2.409801384726595608e-01 2.517308700320198267e-01 2.325771021675617223e-01 2.405355183628096472e-01 2.672298008339493158e-01 2.553489675010310322e-01 2.626379497556614595e-01 2.576191740573277600e-01 2.499283456314339291e-01 2.481301429718181517e-01 2.400911616795238790e-01 2.490287053796209349e-01 2.383163629810658990e-01
2.449936254064043473e-01 2.414250223215916868e-01 0.000000000000000000e+00 1.050795286999560152e-01 1.380754960486555161e-01 1.376878657531802608e-01 1.557295235836833602e-01 2.352205354895661460e-01 2.378733187622160128e-01 2.347793157494168503e-01 2.558024594023817211e-01 2.690744420589820107e-01 2.713866420200233276e-01 2.603525239140598302e-01 2.751010532440404388e-01 2.526337593866491149e-01 2.521821788411449106e-01 2.512798326324384157e-01 2.553489675010310322e-01 2.530856119959586370e-01 2.567102666546330902e-01 2.544428054898713043e-01 2.539901347186603875e-01 2.553489675010310322e-01 2.521821788411449106e-01 2.644713179531867908e-01 2.704609064571094068e-01 2.640125555777856903e-01 2.658492911896488398e-01 2.585291842801951678e-01 2.690744420589820107e-01 2.603525239140598302e-01 2.783663222142795934e-01 2.676905359769325976e-01 2.732415481592583295e-01 2.797700867917060630e-01 2.713866420200233276e-01 2.699984668165209545e-01 2.681515543297336990e-01 2.617229435421281059e-01 2.617229435421281059e-01 2.830557914313889811e-01 2.802385927934063492e-01 2.825855228403726938e-01 2.797700867917060630e-01 2.887221352781230710e-01 2.811764837034577136e-01 2.802385927934063492e-01 2.849398200545314452e-01 2.868285933507788155e-01 2.839972141491402535e-01 2.544428054898713043e-01 2.868285933507788155e-01 2.567102666546330902e-01 2.658492911896488398e-01 2.751010532440404388e-01 2.797700867917060630e-01 2.737059923891898006e-01 2.764987138617969187e-01 2.718499386475427548e-01 2.681515543297336990e-01 2.695363121341350920e-01 2.709236314075199603e-01 2.873015308336073770e-01 2.764987138617969187e-01 2.667693485530382991e-01 2.690744420589820107e-01 2.681515543297336990e-01 2.663091787870938143e-01 2.653896854148736217e-01 2.630958718213778358e-01 2.741707244086037387e-01 2.653896854148736217e-01 2.640125555777856903e-01 2.463362413790781691e-01 2.741707244086037387e-01 2.788339518667565242e-01 2.695363121341350920e-01 2.621803071095082927e-01 2.612658587133535604e-01 2.603525239140598302e-01 2.608090522836392644e-01 2.589846037861430195e-01 2.635540736480723178e-01 2.649303611175731765e-01 2.400911616795238790e-01 2.400911616795238790e-01 2.485792896066607305e-01 2.562562256761812263e-01 2.548957496405277467e-01 2.571645826705444282e-01 2.797700867917060630e-01 2.690744420589820107e-01 2.686128562407401055e-01 2.760325375285451188e-01 2.658492911896488398e-01 2.539901347186603875e-01 2.658492911896488398e-01 2.704609064571094068e-01 2.663091787870938143e-01
2.405355183628096472e-01 2.414250223215916868e-01 1.050795286999560152e-01 0.000000000000000000e+00 1.234845921840911631e-01 1.132872047098958945e-01 1.303607014684503296e-01 2.352205354895661460e-01 2.303813359851381026e-01 2.295048263411607614e-01 2.521821788411449106e-01 2.626379497556614595e-01 2.626379497556614595e-01 2.617229435421281059e-01 2.755666507758066097e-01 2.476812651529326503e-01 2.476812651529326503e-01 2.503785707575104102e-01 2.517308700320198267e-01 2.553489675010310322e-01 2.558024594023817211e-01 2.580740411490022312e-01 2.580740411490022312e-01 2.414250223215916868e-01 2.436534086296384405e-01 2.626379497556614595e-01 2.718499386475427548e-01 2.686128562407401055e-01 2.640125555777856903e-01 2.608090522836392644e-01 2.686128562407401055e-01 2.644713179531867908e-01 2.760325375285451188e-01 2.672298008339493158e-01 2.672298008339493158e-01 2.793018732711411989e-01 2.640125555777856903e-01 2.635540736480723178e-01 2.649303611175731765e-01 2.649303611175731765e-01 2.576191740573277600e-01 2.732415481592583295e-01 2.741707244086037387e-01 2.797700867917060630e-01 2.797700867917060630e-01 2.802385927934063492e-01 2.751010532440404388e-01 2.741707244086037387e-01 2.709236314075199603e-01 2.737059923891898006e-01 2.854115676327224072e-01 2.630958718213778358e-01 2.797700867917060630e-01 2.535377369970918116e-01 2.598962732663079866e-01 2.663091787870938143e-01 2.741707244086037387e-01 2.667693485530382991e-01 2.732415481592583295e-01 2.649303611175731765e-01 2.663091787870938143e-01 2.686128562407401055e-01 2.709236314075199603e-01 2.783663222142795934e-01 2.727773913625974322e-01 2.603525239140598302e-01 2.644713179531867908e-01 2.653896854148736217e-01 2.672298008339493158e-01 2.626379497556614595e-01 2.617229435421281059e-01 2.630958718213778358e-01 2.598962732663079866e-01 2.553489675010310322e-01 2.432072013780040010e-01 2.681515543297336990e-01 2.732415481592583295e-01 2.727773913625974322e-01 2.526337593866491149e-01 2.530856119959586370e-01 2.567102666546330902e-01 2.580740411490022312e-01 2.517308700320198267e-01 2.571645826705444282e-01 2.621803071095082927e-01 2.440998815071950268e-01 2.440998815071950268e-01 2.494783906134384610e-01 2.530856119959586370e-01 2.512798326324384157e-01 2.562562256761812263e-01 2.769651801357744247e-01 2.672298008339493158e-01 2.658492911896488398e-01 2.626379497556614595e-01 2.663091787870938143e-01 2.449936254064043473e-01 2.603525239140598302e-01 2.667693485530382991e-01 2.658492911896488398e-01
2.432072013780040010e-01 2.499283456314339291e-01 1.380754960486555161e-01 1.234845921840911631e-01 0.000000000000000000e+00 1.208274826988328388e-01 1.318973248504346496e-01 2.312588711866548907e-01 2.281919795603445933e-01 2.352205354895661460e-01 2.517308700320198267e-01 2.594403000026939132e-01 2.640125555777856903e-01 2.630958718213778358e-01 2.718499386475427548e-01 2.485792896066607305e-01 2.472326558284219655e-01 2.548957496405277467e-01 2.576191740573277600e-01 2.589846037861430195e-01 2.562562256761812263e-01 2.558024594023817211e-01 2.539901347186603875e-01 2.472326558284219655e-01 2.521821788411449106e-01 2.585291842801951678e-01 2.821155489346546807e-01 2.640125555777856903e-01 2.649303611175731765e-01 2.690744420589820107e-01 2.778989839501189163e-01 2.658492911896488398e-01 2.802385927934063492e-01 2.797700867917060630e-01 2.783663222142795934e-01 2.854115676327224072e-01 2.653896854148736217e-01 2.695363121341350920e-01 2.626379497556614595e-01 2.635540736480723178e-01 2.686128562407401055e-01 2.769651801357744247e-01 2.764987138617969187e-01 2.811764837034577136e-01 2.839972141491402535e-01 2.858836121253847118e-01 2.811764837034577136e-01 2.807073916418817427e-01 2.830557914313889811e-01 2.835263550774853591e-01 2.949093729064862224e-01 2.704609064571094068e-01 2.807073916418817427e-01 2.612658587133535604e-01 2.676905359769325976e-01 2.839972141491402535e-01 2.821155489346546807e-01 2.778989839501189163e-01 2.769651801357744247e-01 2.635540736480723178e-01 2.695363121341350920e-01 2.653896854148736217e-01 2.644713179531867908e-01 2.844683690175301982e-01 2.825855228403726938e-01 2.617229435421281059e-01 2.640125555777856903e-01 2.667693485530382991e-01 2.663091787870938143e-01 2.709236314075199603e-01 2.709236314075199603e-01 2.764987138617969187e-01 2.667693485530382991e-01 2.676905359769325976e-01 2.567102666546330902e-01 2.778989839501189163e-01 2.764987138617969187e-01 2.811764837034577136e-01 2.663091787870938143e-01 2.658492911896488398e-01 2.653896854148736217e-01 2.635540736480723178e-01 2.567102666546330902e-01 2.718499386475427548e-01 2.751010532440404388e-01 2.612658587133535604e-01 2.612658587133535604e-01 2.608090522836392644e-01 2.626379497556614595e-01 2.630958718213778358e-01 2.567102666546330902e-01 2.839972141491402535e-01 2.746357445743743408e-01 2.727773913625974322e-01 2.755666507758066097e-01 2.727773913625974322e-01 2.548957496405277467e-01 2.635540736480723178e-01 2.746357445743743408e-01 2.621803071095082927e-01
2.445466203271147443e-01 2.409801384726595608e-01 1.376878657531802608e-01 1.132872047098958945e-01 1.208274826988328388e-01 0.000000000000000000e+00 1.010091297607496469e-01 2.290669553547035053e-01 2.273180233534695116e-01 2.321374343484242098e-01 2.436534086296384405e-01 2.589846037861430195e-01 2.594403000026939132e-01 2.589846037861430195e-01 2.811764837034577136e-01 2.458884356139585114e-01 2.454408970626381081e-01 2.521821788411449106e-01 2.544428054898713043e-01 2.544428054898713043e-01 2.548957496405277467e-01 2.571645826705444282e-01 2.571645826705444282e-01 2.458884356139585114e-01 2.512798326324384157e-01 2.526337593866491149e-01 2.778989839501189163e-01 2.755666507758066097e-01 2.699984668165209545e-01 2.737059923891898006e-01 2.746357445743743408e-01 2.658492911896488398e-01 2.760325375285451188e-01 2.709236314075199603e-01 2.709236314075199603e-01 2.811764837034577136e-01 2.704609064571094068e-01 2.704609064571094068e-01 2.681515543297336990e-01 2.676905359769325976e-01 2.658492911896488398e-01 2.793018732711411989e-01 2.783663222142795934e-01 2.774319367113621260e-01 2.788339518667565242e-01 2.778989839501189163e-01 2.793018732711411989e-01 2.816458693451476814e-01 2.760325375285451188e-01 2.807073916418817427e-01 2.854115676327224072e-01 2.553489675010310322e-01 2.704609064571094068e-01 2.521821788411449106e-01 2.640125555777856903e-01 2.727773913625974322e-01 2.778989839501189163e-01 2.732415481592583295e-01 2.732415481592583295e-01 2.709236314075199603e-01 2.663091787870938143e-01 2.741707244086037387e-01 2.732415481592583295e-01 2.854115676327224072e-01 2.737059923891898006e-01 2.612658587133535604e-01 2.585291842801951678e-01 2.676905359769325976e-01 2.686128562407401055e-01 2.667693485530382991e-01 2.699984668165209545e-01 2.690744420589820107e-01 2.598962732663079866e-01 2.699984668165209545e-01 2.476812651529326503e-01 2.653896854148736217e-01 2.690744420589820107e-01 2.732415481592583295e-01 2.598962732663079866e-01 2.608090522836392644e-01 2.548957496405277467e-01 2.567102666546330902e-01 2.635540736480723178e-01 2.658492911896488398e-01 2.704609064571094068e-01 2.571645826705444282e-01 2.571645826705444282e-01 2.580740411490022312e-01 2.672298008339493158e-01 2.517308700320198267e-01 2.626379497556614595e-01 2.727773913625974322e-01 2.704609064571094068e-01 2.658492911896488398e-01 2.718499386475427548e-01 2.727773913625974322e-01 2.635540736480723178e-01 2.558024594023817211e-01 2.713866420200233276e-01 2.594403000026939132e-01
2.400911616795238790e-01 2.467843146772805696e-01 1.557295235836833602e-01 1.303607014684503296e-01 1.318973248504346496e-01 1.010091297607496469e-01 0.000000000000000000e+00 2.325771021675617223e-01 2.330170278816122709e-01 2.325771021675617223e-01 2.567102666546330902e-01 2.653896854148736217e-01 2.653896854148736217e-01 2.635540736480723178e-01 2.737059923891898006e-01 2.449936254064043473e-01 2.445466203271147443e-01 2.544428054898713043e-01 2.626379497556614595e-01 2.589846037861430195e-01 2.535377369970918116e-01 2.580740411490022312e-01 2.544428054898713043e-01 2.490287053796209349e-01 2.535377369970918116e-01 2.603525239140598302e-01 2.764987138617969187e-01 2.746357445743743408e-01 2.699984668165209545e-01 2.746357445743743408e-01 2.783663222142795934e-01 2.713866420200233276e-01 2.778989839501189163e-01 2.755666507758066097e-01 2.755666507758066097e-01 2.807073916418817427e-01 2.686128562407401055e-01 2.741707244086037387e-01 2.741707244086037387e-01 2.732415481592583295e-01 2.686128562407401055e-01 2.764987138617969187e-01 2.778989839501189163e-01 2.807073916418817427e-01 2.877747667311046365e-01 2.839972141491402535e-01 2.807073916418817427e-01 2.816458693451476814e-01 2.778989839501189163e-01 2.788339518667565242e-01 2.963444748644997739e-01 2.640125555777856903e-01 2.835263550774853591e-01 2.649303611175731765e-01 2.741707244086037387e-01 2.868285933507788155e-01 2.863559539065056447e-01 2.821155489346546807e-01 2.760325375285451188e-01 2.718499386475427548e-01 2.676905359769325976e-01 2.690744420589820107e-01 2.690744420589820107e-01 2.821155489346546807e-01 2.778989839501189163e-01 2.663091787870938143e-01 2.663091787870938143e-01 2.727773913625974322e-01 2.751010532440404388e-01 2.718499386475427548e-01 2.709236314075199603e-01 2.737059923891898006e-01 2.608090522836392644e-01 2.709236314075199603e-01 2.512798326324384157e-01 2.764987138617969187e-01 2.797700867917060630e-01 2.764987138617969187e-01 2.603525239140598302e-01 2.617229435421281059e-01 2.617229435421281059e-01 2.653896854148736217e-01 2.676905359769325976e-01 2.621803071095082927e-01 2.699984668165209545e-01 2.485792896066607305e-01 2.485792896066607305e-01 2.567102666546330902e-01 2.617229435421281059e-01 2.649303611175731765e-01 2.598962732663079866e-01 2.704609064571094068e-01 2.704609064571094068e-01 2.658492911896488398e-01 2.741707244086037387e-01 2.760325375285451188e-01 2.640125555777856903e-01 2.530856119959586370e-01 2.816458693451476814e-01 2.695363121341350920e-01
2.220955651143607101e-01 2.070678702981210151e-01 2.352205354895661460e-01 2.352205354895661460e-01 2.312588711866548907e-01 2.290669553547035053e-01 2.325771021675617223e-01 0.000000000000000000e+00 4.657126929382141012e-02 1.276791629006155948e-01 2.273180233534695116e-01 2.299429531182974329e-01 2.330170278816122709e-01 2.330170278816122709e-01 2.458884356139585114e-01 2.255731602167118655e-01 2.260089955800663186e-01 2.378733187622160128e-01 2.303813359851381026e-01 2.427612594364148835e-01 2.400911616795238790e-01 2.396470681108394674e-01 2.356620149489927485e-01 2.199302282238840278e-01 2.264450843606440611e-01 2.255731602167118655e-01 2.553489675010310322e-01 2.467843146772805696e-01 2.449936254064043473e-01 2.508290663161546474e-01 2.463362413790781691e-01 2.544428054898713043e-01 2.649303611175731765e-01 2.594403000026939132e-01 2.603525239140598302e-01 2.612658587133535604e-01 2.472326558284219655e-01 2.499283456314339291e-01 2.499283456314339291e-01 2.458884356139585114e-01 2.467843146772805696e-01 2.690744420589820107e-01 2.709236314075199603e-01 2.621803071095082927e-01 2.626379497556614595e-01 2.594403000026939132e-01 2.667693485530382991e-01 2.690744420589820107e-01 2.553489675010310322e-01 2.562562256761812263e-01 2.653896854148736217e-01 2.414250223215916868e-01 2.521821788411449106e-01 2.454408970626381081e-01 2.490287053796209349e-01 2.608090522836392644e-01 2.535377369970918116e-01 2.481301429718181517e-01 2.672298008339493158e-01 2.409801384726595608e-01 2.378733187622160128e-01 2.472326558284219655e-01 2.481301429718181517e-01 2.598962732663079866e-01 2.445466203271147443e-01 2.233977743736930699e-01 2.251375779762233020e-01 2.268814268533164702e-01 2.260089955800663186e-01 2.312588711866548907e-01 2.361037544336387350e-01 2.467843146772805696e-01 2.338976542058786579e-01 2.392032373453473471e-01 2.251375779762233020e-01 2.490287053796209349e-01 2.490287053796209349e-01 2.392032373453473471e-01 2.299429531182974329e-01 2.295048263411607614e-01 2.414250223215916868e-01 2.436534086296384405e-01 2.405355183628096472e-01 2.347793157494168503e-01 2.387596690721912052e-01 2.312588711866548907e-01 2.312588711866548907e-01 2.255731602167118655e-01 2.374305361064348308e-01 2.343383554231423249e-01 2.325771021675617223e-01 2.649303611175731765e-01 2.521821788411449106e-01 2.508290663161546474e-01 2.503785707575104102e-01 2.521821788411449106e-01 2.365457542499871946e-01 2.255731602167118655e-01 2.481301429718181517e-01 2.387596690721912052e-01
2.207956129352803276e-01 2.083442249599496976e-01 2.378733187622160128e-01 2.303813359851381026e-01 2.281919795603445933e-01 2.273180233534695116e-01 2.330170278816122709e-01 4.657126929382141012e-02 0.000000000000000000e+00 1.246262414531588980e-01 2.321374343484242098e-01 2.264450843606440611e-01 2.361037544336387350e-01 2.312588711866548907e-01 2.499283456314339291e-01 2.233977743736930699e-01 2.247022485647555690e-01 2.361037544336387350e-01 2.303813359851381026e-01 2.440998815071950268e-01 2.369880147050629493e-01 2.387596690721912052e-01 2.347793157494168503e-01 2.229634533500702842e-01 2.225293836938909142e-01 2.325771021675617223e-01 2.585291842801951678e-01 2.485792896066607305e-01 2.458884356139585114e-01 2.494783906134384610e-01 2.454408970626381081e-01 2.436534086296384405e-01 2.653896854148736217e-01 2.626379497556614595e-01 2.640125555777856903e-01 2.621803071095082927e-01 2.558024594023817211e-01 2.490287053796209349e-01 2.472326558284219655e-01 2.463362413790781691e-01 2.436534086296384405e-01 2.649303611175731765e-01 2.644713179531867908e-01 2.635540736480723178e-01 2.649303611175731765e-01 2.640125555777856903e-01 2.672298008339493158e-01 2.667693485530382991e-01 2.539901347186603875e-01 2.553489675010310322e-01 2.686128562407401055e-01 2.374305361064348308e-01 2.512798326324384157e-01 2.445466203271147443e-01 2.472326558284219655e-01 2.603525239140598302e-01 2.521821788411449106e-01 2.517308700320198267e-01 2.681515543297336990e-01 2.449936254064043473e-01 2.472326558284219655e-01 2.530856119959586370e-01 2.539901347186603875e-01 2.598962732663079866e-01 2.467843146772805696e-01 2.212286800245913398e-01 2.220955651143607101e-01 2.308199752412322114e-01 2.290669553547035053e-01 2.387596690721912052e-01 2.400911616795238790e-01 2.494783906134384610e-01 2.369880147050629493e-01 2.414250223215916868e-01 2.281919795603445933e-01 2.454408970626381081e-01 2.463362413790781691e-01 2.454408970626381081e-01 2.308199752412322114e-01 2.299429531182974329e-01 2.414250223215916868e-01 2.436534086296384405e-01 2.369880147050629493e-01 2.369880147050629493e-01 2.432072013780040010e-01 2.325771021675617223e-01 2.325771021675617223e-01 2.281919795603445933e-01 2.458884356139585114e-01 2.321374343484242098e-01 2.273180233534695116e-01 2.594403000026939132e-01 2.535377369970918116e-01 2.521821788411449106e-01 2.423155824895575627e-01 2.494783906134384610e-01 2.277548741570056823e-01 2.286293398604244964e-01 2.503785707575104102e-01 2.361037544336387350e-01
2.121863735770255777e-01 2.164786401569202823e-01 2.347793157494168503e-01 2.295048263411607614e-01 2.352205354895661460e-01 2.321374343484242098e-01 2.325771021675617223e-01 1.276791629006155948e-01 1.246262414531588980e-01 0.000000000000000000e+00 2.286293398604244964e-01 2.383163629810658990e-01 2.405355183628096472e-01 2.365457542499871946e-01 2.499283456314339291e-01 2.308199752412322114e-01 2.308199752412322114e-01 2.423155824895575627e-01 2.347793157494168503e-01 2.499283456314339291e-01 2.481301429718181517e-01 2.517308700320198267e-01 2.467843146772805696e-01 2.356620149489927485e-01 2.273180233534695116e-01 2.308199752412322114e-01 2.517308700320198267e-01 2.526337593866491149e-01 2.481301429718181517e-01 2.356620149489927485e-01 2.409801384726595608e-01 2.445466203271147443e-01 2.603525239140598302e-01 2.553489675010310322e-01 2.672298008339493158e-01 2.608090522836392644e-01 2.476812651529326503e-01 2.481301429718181517e-01 2.400911616795238790e-01 2.356620149489927485e-01 2.396470681108394674e-01 2.658492911896488398e-01 2.635540736480723178e-01 2.640125555777856903e-01 2.686128562407401055e-01 2.695363121341350920e-01 2.699984668165209545e-01 2.718499386475427548e-01 2.658492911896488398e-01 2.667693485530382991e-01 2.695363121341350920e-01 2.472326558284219655e-01 2.658492911896488398e-01 2.454408970626381081e-01 2.499283456314339291e-01 2.612658587133535604e-01 2.617229435421281059e-01 2.499283456314339291e-01 2.676905359769325976e-01 2.526337593866491149e-01 2.423155824895575627e-01 2.485792896066607305e-01 2.490287053796209349e-01 2.626379497556614595e-01 2.476812651529326503e-01 2.312588711866548907e-01 2.338976542058786579e-01 2.343383554231423249e-01 2.334572117932990631e-01 2.374305361064348308e-01 2.338976542058786579e-01 2.427612594364148835e-01 2.352205354895661460e-01 2.396470681108394674e-01 2.277548741570056823e-01 2.316980241220087944e-01 2.338976542058786579e-01 2.418701702226802031e-01 2.387596690721912052e-01 2.387596690721912052e-01 2.436534086296384405e-01 2.476812651529326503e-01 2.387596690721912052e-01 2.374305361064348308e-01 2.454408970626381081e-01 2.383163629810658990e-01 2.383163629810658990e-01 2.356620149489927485e-01 2.405355183628096472e-01 2.356620149489927485e-01 2.264450843606440611e-01 2.512798326324384157e-01 2.445466203271147443e-01 2.458884356139585114e-01 2.387596690721912052e-01 2.499283456314339291e-01 2.277548741570056823e-01 2.308199752412322114e-01 2.521821788411449106e-01 2.418701702226802031e-01
2.247022485647555690e-01 2.238323470560592832e-01 2.558024594023817211e-01 2.521821788411449106e-01 2.517308700320198267e-01 2.436534086296384405e-01 2.567102666546330902e-01 2.273180233534695116e-01 2.321374343484242098e-01 2.286293398604244964e-01 0.000000000000000000e+00 2.321374343484242098e-01 2.378733187622160128e-01 2.303813359851381026e-01 2.476812651529326503e-01 2.177711249191063847e-01 2.182024486154571230e-01 2.255731602167118655e-01 2.238323470560592832e-01 2.303813359851381026e-01 2.281919795603445933e-01 2.286293398604244964e-01 2.255731602167118655e-01 2.216619973211898520e-01 2.087701596614117694e-01 2.295048263411607614e-01 2.760325375285451188e-01 2.571645826705444282e-01 2.580740411490022312e-01 2.594403000026939132e-01 2.608090522836392644e-01 2.512798326324384157e-01 2.723135216436561312e-01 2.626379497556614595e-01 2.681515543297336990e-01 2.760325375285451188e-01 2.585291842801951678e-01 2.521821788411449106e-01 2.427612594364148835e-01 2.418701702226802031e-01 2.512798326324384157e-01 2.746357445743743408e-01 2.695363121341350920e-01 2.667693485530382991e-01 2.635540736480723178e-01 2.727773913625974322e-01 2.690744420589820107e-01 2.741707244086037387e-01 2.558024594023817211e-01 2.612658587133535604e-01 2.769651801357744247e-01 2.571645826705444282e-01 2.653896854148736217e-01 2.436534086296384405e-01 2.512798326324384157e-01 2.723135216436561312e-01 2.704609064571094068e-01 2.630958718213778358e-01 2.732415481592583295e-01 2.512798326324384157e-01 2.436534086296384405e-01 2.463362413790781691e-01 2.472326558284219655e-01 2.713866420200233276e-01 2.499283456314339291e-01 2.216619973211898520e-01 2.325771021675617223e-01 2.295048263411607614e-01 2.316980241220087944e-01 2.467843146772805696e-01 2.445466203271147443e-01 2.521821788411449106e-01 2.445466203271147443e-01 2.440998815071950268e-01 2.334572117932990631e-01 2.535377369970918116e-01 2.508290663161546474e-01 2.458884356139585114e-01 2.530856119959586370e-01 2.530856119959586370e-01 2.530856119959586370e-01 2.521821788411449106e-01 2.576191740573277600e-01 2.530856119959586370e-01 2.512798326324384157e-01 2.378733187622160128e-01 2.378733187622160128e-01 2.414250223215916868e-01 2.449936254064043473e-01 2.356620149489927485e-01 2.378733187622160128e-01 2.676905359769325976e-01 2.526337593866491149e-01 2.494783906134384610e-01 2.695363121341350920e-01 2.423155824895575627e-01 2.295048263411607614e-01 2.365457542499871946e-01 2.512798326324384157e-01 2.316980241220087944e-01
2.508290663161546474e-01 2.361037544336387350e-01 2.690744420589820107e-01 2.626379497556614595e-01 2.594403000026939132e-01 2.589846037861430195e-01 2.653896854148736217e-01 2.299429531182974329e-01 2.264450843606440611e-01 2.383163629810658990e-01 2.321374343484242098e-01 0.000000000000000000e+00 8.422283060600907478e-02 8.170101252275141501e-02 2.143294362790978957e-01 2.273180233534695116e-01 2.286293398604244964e-01 2.427612594364148835e-01 2.436534086296384405e-01 2.392032373453473471e-01 2.400911616795238790e-01 2.400911616795238790e-01 2.347793157494168503e-01 2.277548741570056823e-01 2.199302282238840278e-01 2.361037544336387350e-01 2.811764837034577136e-01 2.544428054898713043e-01 2.558024594023817211e-01 2.576191740573277600e-01 2.576191740573277600e-01 2.562562256761812263e-01 2.769651801357744247e-01 2.741707244086037387e-01 2.755666507758066097e-01 2.695363121341350920e-01 2.608090522836392644e-01 2.571645826705444282e-01 2.571645826705444282e-01 2.553489675010310322e-01 2.521821788411449106e-01 2.858836121253847118e-01 2.839972141491402535e-01 2.699984668165209545e-01 2.764987138617969187e-01 2.830557914313889811e-01 2.737059923891898006e-01 2.788339518667565242e-01 2.686128562407401055e-01 2.718499386475427548e-01 2.816458693451476814e-01 2.567102666546330902e-01 2.732415481592583295e-01 2.530856119959586370e-01 2.612658587133535604e-01 2.760325375285451188e-01 2.727773913625974322e-01 2.649303611175731765e-01 2.746357445743743408e-01 2.681515543297336990e-01 2.594403000026939132e-01 2.603525239140598302e-01 2.603525239140598302e-01 2.839972141491402535e-01 2.649303611175731765e-01 2.517308700320198267e-01 2.526337593866491149e-01 2.499283456314339291e-01 2.508290663161546474e-01 2.571645826705444282e-01 2.576191740573277600e-01 2.635540736480723178e-01 2.603525239140598302e-01 2.621803071095082927e-01 2.467843146772805696e-01 2.476812651529326503e-01 2.503785707575104102e-01 2.548957496405277467e-01 2.603525239140598302e-01 2.617229435421281059e-01 2.494783906134384610e-01 2.512798326324384157e-01 2.539901347186603875e-01 2.517308700320198267e-01 2.612658587133535604e-01 2.526337593866491149e-01 2.526337593866491149e-01 2.485792896066607305e-01 2.517308700320198267e-01 2.476812651529326503e-01 2.485792896066607305e-01 2.695363121341350920e-01 2.658492911896488398e-01 2.686128562407401055e-01 2.793018732711411989e-01 2.594403000026939132e-01 2.423155824895575627e-01 2.508290663161546474e-01 2.672298008339493158e-01 2.454408970626381081e-01
2.481301429718181517e-01 2.449936254064043473e-01 2.713866420200233276e-01 2.626379497556614595e-01 2.640125555777856903e-01 2.594403000026939132e-01 2.653896854148736217e-01 2.330170278816122709e-01 2.361037544336387350e-01 2.405355183628096472e-01 2.378733187622160128e-01 8.422283060600907478e-02 0.000000000000000000e+00 7.454219265996216148e-02 2.109034691494205971e-01 2.242671716889752809e-01 2.260089955800663186e-01 2.356620149489927485e-01 2.365457542499871946e-01 2.418701702226802031e-01 2.374305361064348308e-01 2.374305361064348308e-01 2.369880147050629493e-01 2.281919795603445933e-01 2.220955651143607101e-01 2.436534086296384405e-01 2.797700867917060630e-01 2.548957496405277467e-01 2.576191740573277600e-01 2.571645826705444282e-01 2.571645826705444282e-01 2.580740411490022312e-01 2.816458693451476814e-01 2.821155489346546807e-01 2.873015308336073770e-01 2.681515543297336990e-01 2.630958718213778358e-01 2.490287053796209349e-01 2.539901347186603875e-01 2.530856119959586370e-01 2.503785707575104102e-01 2.816458693451476814e-01 2.797700867917060630e-01 2.751010532440404388e-01 2.788339518667565242e-01 2.858836121253847118e-01 2.811764837034577136e-01 2.849398200545314452e-01 2.727773913625974322e-01 2.741707244086037387e-01 2.825855228403726938e-01 2.562562256761812263e-01 2.713866420200233276e-01 2.530856119959586370e-01 2.594403000026939132e-01 2.741707244086037387e-01 2.718499386475427548e-01 2.544428054898713043e-01 2.741707244086037387e-01 2.635540736480723178e-01 2.567102666546330902e-01 2.585291842801951678e-01 2.548957496405277467e-01 2.774319367113621260e-01 2.663091787870938143e-01 2.499283456314339291e-01 2.494783906134384610e-01 2.517308700320198267e-01 2.521821788411449106e-01 2.508290663161546474e-01 2.530856119959586370e-01 2.571645826705444282e-01 2.485792896066607305e-01 2.558024594023817211e-01 2.392032373453473471e-01 2.512798326324384157e-01 2.539901347186603875e-01 2.508290663161546474e-01 2.544428054898713043e-01 2.526337593866491149e-01 2.571645826705444282e-01 2.585291842801951678e-01 2.571645826705444282e-01 2.503785707575104102e-01 2.644713179531867908e-01 2.539901347186603875e-01 2.539901347186603875e-01 2.521821788411449106e-01 2.608090522836392644e-01 2.503785707575104102e-01 2.521821788411449106e-01 2.695363121341350920e-01 2.667693485530382991e-01 2.676905359769325976e-01 2.741707244086037387e-01 2.681515543297336990e-01 2.440998815071950268e-01 2.485792896066607305e-01 2.663091787870938143e-01 2.503785707575104102e-01
2.440998815071950268e-01 2.387596690721912052e-01 2.603525239140598302e-01 2.617229435421281059e-01 2.630958718213778358e-01 2.589846037861430195e-01 2.635540736480723178e-01 2.330170278816122709e-01 2.312588711866548907e-01 2.365457542499871946e-01 2.303813359851381026e-01 8.170101252275141501e-02 7.454219265996216148e-02 0.000000000000000000e+00 2.130428639632171994e-01 2.229634533500702842e-01 2.247022485647555690e-01 2.330170278816122709e-01 2.251375779762233020e-01 2.409801384726595608e-01 2.330170278816122709e-01 2.369880147050629493e-01 2.316980241220087944e-01 2.242671716889752809e-01 2.126144965074978077e-01 2.436534086296384405e-01 2.825855228403726938e-01 2.544428054898713043e-01 2.571645826705444282e-01 2.567102666546330902e-01 2.576191740573277600e-01 2.558024594023817211e-01 2.788339518667565242e-01 2.788339518667565242e-01 2.839972141491402535e-01 2.797700867917060630e-01 2.644713179531867908e-01 2.526337593866491149e-01 2.567102666546330902e-01 2.539901347186603875e-01 2.558024594023817211e-01 2.835263550774853591e-01 2.825855228403726938e-01 2.769651801357744247e-01 2.793018732711411989e-01 2.793018732711411989e-01 2.788339518667565242e-01 2.877747667311046365e-01 2.783663222142795934e-01 2.825855228403726938e-01 2.910958053679035262e-01 2.463362413790781691e-01 2.676905359769325976e-01 2.503785707575104102e-01 2.535377369970918116e-01 2.737059923891898006e-01 2.695363121341350920e-01 2.598962732663079866e-01 2.699984668165209545e-01 2.672298008339493158e-01 2.571645826705444282e-01 2.544428054898713043e-01 2.567102666546330902e-01 2.811764837034577136e-01 2.635540736480723178e-01 2.544428054898713043e-01 2.526337593866491149e-01 2.472326558284219655e-01 2.490287053796209349e-01 2.490287053796209349e-01 2.467843146772805696e-01 2.539901347186603875e-01 2.521821788411449106e-01 2.535377369970918116e-01 2.361037544336387350e-01 2.458884356139585114e-01 2.499283456314339291e-01 2.508290663161546474e-01 2.548957496405277467e-01 2.553489675010310322e-01 2.499283456314339291e-01 2.526337593866491149e-01 2.517308700320198267e-01 2.512798326324384157e-01 2.571645826705444282e-01 2.458884356139585114e-01 2.458884356139585114e-01 2.454408970626381081e-01 2.617229435421281059e-01 2.472326558284219655e-01 2.423155824895575627e-01 2.640125555777856903e-01 2.686128562407401055e-01 2.667693485530382991e-01 2.737059923891898006e-01 2.667693485530382991e-01 2.405355183628096472e-01 2.467843146772805696e-01 2.681515543297336990e-01 2.458884356139585114e-01
2.676905359769325976e-01 2.553489675010310322e-01 2.751010532440404388e-01 2.755666507758066097e-01 2.718499386475427548e-01 2.811764837034577136e-01 2.737059923891898006e-01 2.458884356139585114e-01 2.499283456314339291e-01 2.499283456314339291e-01 2.476812651529326503e-01 2.143294362790978957e-01 2.109034691494205971e-01 2.130428639632171994e-01 0.000000000000000000e+00 2.369880147050629493e-01 2.383163629810658990e-01 2.454408970626381081e-01 2.490287053796209349e-01 2.562562256761812263e-01 2.445466203271147443e-01 2.481301429718181517e-01 2.454408970626381081e-01 2.485792896066607305e-01 2.400911616795238790e-01 2.418701702226802031e-01 2.807073916418817427e-01 2.764987138617969187e-01 2.774319367113621260e-01 2.821155489346546807e-01 2.774319367113621260e-01 2.672298008339493158e-01 2.778989839501189163e-01 2.783663222142795934e-01 2.816458693451476814e-01 2.769651801357744247e-01 2.816458693451476814e-01 2.802385927934063492e-01 2.788339518667565242e-01 2.816458693451476814e-01 2.844683690175301982e-01 2.887221352781230710e-01 2.896707020150229850e-01 2.963444748644997739e-01 2.958658023666005388e-01 2.915714422087048452e-01 2.949093729064862224e-01 2.930001652569108606e-01 2.887221352781230710e-01 2.873015308336073770e-01 3.011480779634088667e-01 2.783663222142795934e-01 2.802385927934063492e-01 2.755666507758066097e-01 2.737059923891898006e-01 2.968234530606623789e-01 2.953874351770016671e-01 2.873015308336073770e-01 2.825855228403726938e-01 2.658492911896488398e-01 2.640125555777856903e-01 2.690744420589820107e-01 2.713866420200233276e-01 2.901454356525636213e-01 2.723135216436561312e-01 2.644713179531867908e-01 2.644713179531867908e-01 2.649303611175731765e-01 2.635540736480723178e-01 2.658492911896488398e-01 2.635540736480723178e-01 2.732415481592583295e-01 2.686128562407401055e-01 2.783663222142795934e-01 2.553489675010310322e-01 2.709236314075199603e-01 2.723135216436561312e-01 2.783663222142795934e-01 2.699984668165209545e-01 2.695363121341350920e-01 2.695363121341350920e-01 2.695363121341350920e-01 2.676905359769325976e-01 2.699984668165209545e-01 2.723135216436561312e-01 2.709236314075199603e-01 2.709236314075199603e-01 2.704609064571094068e-01 2.699984668165209545e-01 2.681515543297336990e-01 2.558024594023817211e-01 2.882483014200964422e-01 2.821155489346546807e-01 2.764987138617969187e-01 2.732415481592583295e-01 2.695363121341350920e-01 2.580740411490022312e-01 2.548957496405277467e-01 2.630958718213778358e-01 2.653896854148736217e-01
2.343383554231423249e-01 2.356620149489927485e-01 2.526337593866491149e-01 2.476812651529326503e-01 2.485792896066607305e-01 2.458884356139585114e-01 2.449936254064043473e-01 2.255731602167118655e-01 2.233977743736930699e-01 2.308199752412322114e-01 2.177711249191063847e-01 2.273180233534695116e-01 2.242671716889752809e-01 2.229634533500702842e-01 2.369880147050629493e-01 0.000000000000000000e+00 1.937707407696144957e-03 1.129121734494770157e-01 1.151651791490878596e-01 1.865224693041204473e-01 1.819865808336730839e-01 1.819865808336730839e-01 1.832209232536421983e-01 1.709679732915530270e-01 1.589119894620832085e-01 2.104763215346473482e-01 2.626379497556614595e-01 2.476812651529326503e-01 2.467843146772805696e-01 2.571645826705444282e-01 2.558024594023817211e-01 2.427612594364148835e-01 2.686128562407401055e-01 2.640125555777856903e-01 2.612658587133535604e-01 2.713866420200233276e-01 2.603525239140598302e-01 2.508290663161546474e-01 2.508290663161546474e-01 2.535377369970918116e-01 2.499283456314339291e-01 2.672298008339493158e-01 2.644713179531867908e-01 2.704609064571094068e-01 2.713866420200233276e-01 2.737059923891898006e-01 2.704609064571094068e-01 2.737059923891898006e-01 2.676905359769325976e-01 2.718499386475427548e-01 2.793018732711411989e-01 2.423155824895575627e-01 2.630958718213778358e-01 2.432072013780040010e-01 2.490287053796209349e-01 2.594403000026939132e-01 2.617229435421281059e-01 2.544428054898713043e-01 2.737059923891898006e-01 2.467843146772805696e-01 2.530856119959586370e-01 2.576191740573277600e-01 2.512798326324384157e-01 2.640125555777856903e-01 2.630958718213778358e-01 2.316980241220087944e-01 2.330170278816122709e-01 2.290669553547035053e-01 2.281919795603445933e-01 2.378733187622160128e-01 2.374305361064348308e-01 2.494783906134384610e-01 2.436534086296384405e-01 2.387596690721912052e-01 2.242671716889752809e-01 2.494783906134384610e-01 2.499283456314339291e-01 2.418701702226802031e-01 2.396470681108394674e-01 2.383163629810658990e-01 2.485792896066607305e-01 2.467843146772805696e-01 2.445466203271147443e-01 2.467843146772805696e-01 2.472326558284219655e-01 2.338976542058786579e-01 2.338976542058786579e-01 2.338976542058786579e-01 2.356620149489927485e-01 2.476812651529326503e-01 2.436534086296384405e-01 2.676905359769325976e-01 2.580740411490022312e-01 2.571645826705444282e-01 2.617229435421281059e-01 2.512798326324384157e-01 2.365457542499871946e-01 2.255731602167118655e-01 2.576191740573277600e-01 2.485792896066607305e-01
