0.000000000000000000e+00 2.809633027522935866e-01 3.715596330275229286e-01 3.658256880733944949e-01 3.692660550458715663e-01 3.709862385321101019e-01 3.652522935779816682e-01 3.417431192660550510e-01 3.400229357798165153e-01 3.285550458715596478e-01 3.451834862385321223e-01 3.790137614678898981e-01 3.755733944954128267e-01 3.704128440366972752e-01 4.002293577981651529e-01 3.577981651376146988e-01 3.606651376146788879e-01 3.698394495412843930e-01 3.732798165137614643e-01 3.881880733944954032e-01 3.755733944954128267e-01 3.795871559633027248e-01 3.795871559633027248e-01 3.503440366972477293e-01 3.503440366972477293e-01 3.824541284403669694e-01 3.916284403669724745e-01 3.801605504587156070e-01 3.801605504587156070e-01 3.887614678899082299e-01 3.910550458715596478e-01 3.899082568807339388e-01 4.071100917431192401e-01 3.985091743119266172e-01 4.082568807339449490e-01 4.019495412844036886e-01 3.899082568807339388e-01 3.916284403669724745e-01 3.847477064220183318e-01 3.887614678899082299e-01 3.818807339449541427e-01 4.013761467889908063e-01 3.944954128440367191e-01 3.967889908256880815e-01 4.013761467889908063e-01 4.094036697247706580e-01 4.082568807339449490e-01 4.008027522935779796e-01 4.053899082568807599e-01 4.071100917431192401e-01 4.151376146788990917e-01 3.824541284403669694e-01 4.019495412844036886e-01 3.772935779816513624e-01 3.927752293577981835e-01 4.065366972477064134e-01 4.042431192660550510e-01 4.019495412844036886e-01 4.128440366972477293e-01 3.824541284403669694e-01 3.732798165137614643e-01 3.727064220183486376e-01 3.755733944954128267e-01 3.933486238532110102e-01 3.847477064220183318e-01 3.715596330275229286e-01 3.738532110091742910e-01 3.744266055045871733e-01 3.721330275229357554e-01 3.858944954128440408e-01 3.778669724770642446e-01 3.916284403669724745e-01 3.738532110091742910e-01 3.790137614678898981e-01 3.526376146788990917e-01 3.824541284403669694e-01 3.853211009174312141e-01 3.830275229357797961e-01 3.721330275229357554e-01 3.715596330275229286e-01 3.784403669724770714e-01 3.721330275229357554e-01 3.732798165137614643e-01 3.767201834862385357e-01 3.910550458715596478e-01 3.658256880733944949e-01 3.658256880733944949e-01 3.629587155963302503e-01 3.767201834862385357e-01 3.629587155963302503e-01 3.572247706422018165e-01 4.030963302752293420e-01 3.922018348623853012e-01 3.870412844036697497e-01 3.795871559633027248e-01 3.853211009174312141e-01 3.675458715596330306e-01 3.606651376146788879e-01 3.784403669724770714e-01 3.750000000000000000e-01
2.809633027522935866e-01 0.000000000000000000e+00 3.669724770642202039e-01 3.669724770642202039e-01 3.778669724770642446e-01 3.663990825688073216e-01 3.738532110091742910e-01 3.216743119266055051e-01 3.233944954128440408e-01 3.342889908256880815e-01 3.440366972477064134e-01 3.600917431192660612e-01 3.715596330275229286e-01 3.635321100917431325e-01 3.847477064220183318e-01 3.595183486238532344e-01 3.600917431192660612e-01 3.686926605504587395e-01 3.681192660550458573e-01 3.692660550458715663e-01 3.681192660550458573e-01 3.658256880733944949e-01 3.600917431192660612e-01 3.509174311926605561e-01 3.606651376146788879e-01 3.600917431192660612e-01 4.042431192660550510e-01 3.784403669724770714e-01 3.790137614678898981e-01 3.772935779816513624e-01 3.744266055045871733e-01 3.686926605504587395e-01 3.853211009174312141e-01 3.841743119266055051e-01 3.933486238532110102e-01 3.853211009174312141e-01 3.750000000000000000e-01 3.761467889908257090e-01 3.795871559633027248e-01 3.813073394495412605e-01 3.807339449541284337e-01 3.967889908256880815e-01 3.910550458715596478e-01 3.858944954128440408e-01 3.858944954128440408e-01 3.870412844036697497e-01 3.887614678899082299e-01 3.881880733944954032e-01 3.899082568807339388e-01 3.899082568807339388e-01 4.030963302752293420e-01 3.830275229357797961e-01 4.008027522935779796e-01 3.864678899082568675e-01 3.801605504587156070e-01 4.025229357798165153e-01 3.973623853211009083e-01 3.916284403669724745e-01 3.973623853211009083e-01 3.778669724770642446e-01 3.595183486238532344e-01 3.813073394495412605e-01 3.755733944954128267e-01 3.910550458715596478e-01 4.013761467889908063e-01 3.681192660550458573e-01 3.727064220183486376e-01 3.663990825688073216e-01 3.675458715596330306e-01 3.681192660550458573e-01 3.692660550458715663e-01 3.818807339449541427e-01 3.652522935779816682e-01 3.709862385321101019e-01 3.555045871559632809e-01 3.744266055045871733e-01 3.721330275229357554e-01 3.618119266055045968e-01 3.704128440366972752e-01 3.698394495412843930e-01 3.675458715596330306e-01 3.692660550458715663e-01 3.778669724770642446e-01 3.629587155963302503e-01 3.698394495412843930e-01 3.692660550458715663e-01 3.692660550458715663e-01 3.663990825688073216e-01 3.801605504587156070e-01 3.555045871559632809e-01 3.658256880733944949e-01 3.996559633027522707e-01 3.847477064220183318e-01 3.939220183486238369e-01 3.876146788990825764e-01 3.778669724770642446e-01 3.755733944954128267e-01 3.652522935779816682e-01 3.767201834862385357e-01 3.629587155963302503e-01
3.715596330275229286e-01 3.669724770642202039e-01 0.000000000000000000e+00 1.743119266055045968e-01 2.241972477064220204e-01 2.236238532110091659e-01 2.500000000000000000e-01 3.589449541284403522e-01 3.623853211009174236e-01 3.583715596330275255e-01 3.853211009174312141e-01 4.019495412844036886e-01 4.048165137614678777e-01 3.910550458715596478e-01 4.094036697247706580e-01 3.813073394495412605e-01 3.807339449541284337e-01 3.795871559633027248e-01 3.847477064220183318e-01 3.818807339449541427e-01 3.864678899082568675e-01 3.836009174311926784e-01 3.830275229357797961e-01 3.847477064220183318e-01 3.807339449541284337e-01 3.962155963302752548e-01 4.036697247706422242e-01 3.956422018348623726e-01 3.979357798165137350e-01 3.887614678899082299e-01 4.019495412844036886e-01 3.910550458715596478e-01 4.134174311926605561e-01 4.002293577981651529e-01 4.071100917431192401e-01 4.151376146788990917e-01 4.048165137614678777e-01 4.030963302752293420e-01 4.008027522935779796e-01 3.927752293577981835e-01 3.927752293577981835e-01 4.191513761467889898e-01 4.157110091743119185e-01 4.185779816513761631e-01 4.151376146788990917e-01 4.260321100917431325e-01 4.168577981651376274e-01 4.157110091743119185e-01 4.214449541284403522e-01 4.237385321100917701e-01 4.202981651376146988e-01 3.836009174311926784e-01 4.237385321100917701e-01 3.864678899082568675e-01 3.979357798165137350e-01 4.094036697247706580e-01 4.151376146788990917e-01 4.076834862385321223e-01 4.111238532110091937e-01 4.053899082568807599e-01 4.008027522935779796e-01 4.025229357798165153e-01 4.042431192660550510e-01 4.243119266055045968e-01 4.111238532110091937e-01 3.990825688073394439e-01 4.019495412844036886e-01 4.008027522935779796e-01 3.985091743119266172e-01 3.973623853211009083e-01 3.944954128440367191e-01 4.082568807339449490e-01 3.973623853211009083e-01 3.956422018348623726e-01 3.732798165137614643e-01 4.082568807339449490e-01 4.139908256880733828e-01 4.025229357798165153e-01 3.933486238532110102e-01 3.922018348623853012e-01 3.910550458715596478e-01 3.916284403669724745e-01 3.893348623853211121e-01 3.950688073394495459e-01 3.967889908256880815e-01 3.652522935779816682e-01 3.652522935779816682e-01 3.761467889908257090e-01 3.858944954128440408e-01 3.841743119266055051e-01 3.870412844036697497e-01 4.151376146788990917e-01 4.019495412844036886e-01 4.013761467889908063e-01 4.105504587155963114e-01 3.979357798165137350e-01 3.830275229357797961e-01 3.979357798165137350e-01 4.036697247706422242e-01 3.985091743119266172e-01
3.658256880733944949e-01 3.669724770642202039e-01 1.743119266055045968e-01 0.000000000000000000e+00 2.024082568807339388e-01 1.869266055045871455e-01 2.127293577981651251e-01 3.589449541284403522e-01 3.526376146788990917e-01 3.514908256880733828e-01 3.807339449541284337e-01 3.939220183486238369e-01 3.939220183486238369e-01 3.927752293577981835e-01 4.099770642201834847e-01 3.750000000000000000e-01 3.750000000000000000e-01 3.784403669724770714e-01 3.801605504587156070e-01 3.847477064220183318e-01 3.853211009174312141e-01 3.881880733944954032e-01 3.881880733944954032e-01 3.669724770642202039e-01 3.698394495412843930e-01 3.939220183486238369e-01 4.053899082568807599e-01 4.013761467889908063e-01 3.956422018348623726e-01 3.916284403669724745e-01 4.013761467889908063e-01 3.962155963302752548e-01 4.105504587155963114e-01 3.996559633027522707e-01 3.996559633027522707e-01 4.145642201834862650e-01 3.956422018348623726e-01 3.950688073394495459e-01 3.967889908256880815e-01 3.967889908256880815e-01 3.876146788990825764e-01 4.071100917431192401e-01 4.082568807339449490e-01 4.151376146788990917e-01 4.151376146788990917e-01 4.157110091743119185e-01 4.094036697247706580e-01 4.082568807339449490e-01 4.042431192660550510e-01 4.076834862385321223e-01 4.220183486238532344e-01 3.944954128440367191e-01 4.151376146788990917e-01 3.824541284403669694e-01 3.904816513761467656e-01 3.985091743119266172e-01 4.082568807339449490e-01 3.990825688073394439e-01 4.071100917431192401e-01 3.967889908256880815e-01 3.985091743119266172e-01 4.013761467889908063e-01 4.042431192660550510e-01 4.134174311926605561e-01 4.065366972477064134e-01 3.910550458715596478e-01 3.962155963302752548e-01 3.973623853211009083e-01 3.996559633027522707e-01 3.939220183486238369e-01 3.927752293577981835e-01 3.944954128440367191e-01 3.904816513761467656e-01 3.847477064220183318e-01 3.692660550458715663e-01 4.008027522935779796e-01 4.071100917431192401e-01 4.065366972477064134e-01 3.813073394495412605e-01 3.818807339449541427e-01 3.864678899082568675e-01 3.881880733944954032e-01 3.801605504587156070e-01 3.870412844036697497e-01 3.933486238532110102e-01 3.704128440366972752e-01 3.704128440366972752e-01 3.772935779816513624e-01 3.818807339449541427e-01 3.795871559633027248e-01 3.858944954128440408e-01 4.116972477064220204e-01 3.996559633027522707e-01 3.979357798165137350e-01 3.939220183486238369e-01 3.985091743119266172e-01 3.715596330275229286e-01 3.910550458715596478e-01 3.990825688073394439e-01 3.979357798165137350e-01
3.692660550458715663e-01 3.778669724770642446e-01 2.241972477064220204e-01 2.024082568807339388e-01 0.000000000000000000e+00 1.983944954128440408e-01 2.150229357798165153e-01 3.537844036697247452e-01 3.497706422018348471e-01 3.589449541284403522e-01 3.801605504587156070e-01 3.899082568807339388e-01 3.956422018348623726e-01 3.944954128440367191e-01 4.053899082568807599e-01 3.761467889908257090e-01 3.744266055045871733e-01 3.841743119266055051e-01 3.876146788990825764e-01 3.893348623853211121e-01 3.858944954128440408e-01 3.853211009174312141e-01 3.830275229357797961e-01 3.744266055045871733e-01 3.807339449541284337e-01 3.887614678899082299e-01 4.180045871559632809e-01 3.956422018348623726e-01 3.967889908256880815e-01 4.019495412844036886e-01 4.128440366972477293e-01 3.979357798165137350e-01 4.157110091743119185e-01 4.151376146788990917e-01 4.134174311926605561e-01 4.220183486238532344e-01 3.973623853211009083e-01 4.025229357798165153e-01 3.939220183486238369e-01 3.950688073394495459e-01 4.013761467889908063e-01 4.116972477064220204e-01 4.111238532110091937e-01 4.168577981651376274e-01 4.202981651376146988e-01 4.225917431192660612e-01 4.168577981651376274e-01 4.162844036697247452e-01 4.191513761467889898e-01 4.197247706422018165e-01 4.334862385321101019e-01 4.036697247706422242e-01 4.162844036697247452e-01 3.922018348623853012e-01 4.002293577981651529e-01 4.202981651376146988e-01 4.180045871559632809e-01 4.128440366972477293e-01 4.116972477064220204e-01 3.950688073394495459e-01 4.025229357798165153e-01 3.973623853211009083e-01 3.962155963302752548e-01 4.208715596330275255e-01 4.185779816513761631e-01 3.927752293577981835e-01 3.956422018348623726e-01 3.990825688073394439e-01 3.985091743119266172e-01 4.042431192660550510e-01 4.042431192660550510e-01 4.111238532110091937e-01 3.990825688073394439e-01 4.002293577981651529e-01 3.864678899082568675e-01 4.128440366972477293e-01 4.111238532110091937e-01 4.168577981651376274e-01 3.985091743119266172e-01 3.979357798165137350e-01 3.973623853211009083e-01 3.950688073394495459e-01 3.864678899082568675e-01 4.053899082568807599e-01 4.094036697247706580e-01 3.922018348623853012e-01 3.922018348623853012e-01 3.916284403669724745e-01 3.939220183486238369e-01 3.944954128440367191e-01 3.864678899082568675e-01 4.202981651376146988e-01 4.088302752293577758e-01 4.065366972477064134e-01 4.099770642201834847e-01 4.065366972477064134e-01 3.841743119266055051e-01 3.950688073394495459e-01 4.088302752293577758e-01 3.933486238532110102e-01
3.709862385321101019e-01 3.663990825688073216e-01 2.236238532110091659e-01 1.869266055045871455e-01 1.983944954128440408e-01 0.000000000000000000e+00 1.680045871559633086e-01 3.509174311926605561e-01 3.486238532110091937e-01 3.549311926605504541e-01 3.698394495412843930e-01 3.893348623853211121e-01 3.899082568807339388e-01 3.893348623853211121e-01 4.168577981651376274e-01 3.727064220183486376e-01 3.721330275229357554e-01 3.807339449541284337e-01 3.836009174311926784e-01 3.836009174311926784e-01 3.841743119266055051e-01 3.870412844036697497e-01 3.870412844036697497e-01 3.727064220183486376e-01 3.795871559633027248e-01 3.813073394495412605e-01 4.128440366972477293e-01 4.099770642201834847e-01 4.030963302752293420e-01 4.076834862385321223e-01 4.088302752293577758e-01 3.979357798165137350e-01 4.105504587155963114e-01 4.042431192660550510e-01 4.042431192660550510e-01 4.168577981651376274e-01 4.036697247706422242e-01 4.036697247706422242e-01 4.008027522935779796e-01 4.002293577981651529e-01 3.979357798165137350e-01 4.145642201834862650e-01 4.134174311926605561e-01 4.122706422018348471e-01 4.139908256880733828e-01 4.128440366972477293e-01 4.145642201834862650e-01 4.174311926605504541e-01 4.105504587155963114e-01 4.162844036697247452e-01 4.220183486238532344e-01 3.847477064220183318e-01 4.036697247706422242e-01 3.807339449541284337e-01 3.956422018348623726e-01 4.065366972477064134e-01 4.128440366972477293e-01 4.071100917431192401e-01 4.071100917431192401e-01 4.042431192660550510e-01 3.985091743119266172e-01 4.082568807339449490e-01 4.071100917431192401e-01 4.220183486238532344e-01 4.076834862385321223e-01 3.922018348623853012e-01 3.887614678899082299e-01 4.002293577981651529e-01 4.013761467889908063e-01 3.990825688073394439e-01 4.030963302752293420e-01 4.019495412844036886e-01 3.904816513761467656e-01 4.030963302752293420e-01 3.750000000000000000e-01 3.973623853211009083e-01 4.019495412844036886e-01 4.071100917431192401e-01 3.904816513761467656e-01 3.916284403669724745e-01 3.841743119266055051e-01 3.864678899082568675e-01 3.950688073394495459e-01 3.979357798165137350e-01 4.036697247706422242e-01 3.870412844036697497e-01 3.870412844036697497e-01 3.881880733944954032e-01 3.996559633027522707e-01 3.801605504587156070e-01 3.939220183486238369e-01 4.065366972477064134e-01 4.036697247706422242e-01 3.979357798165137350e-01 4.053899082568807599e-01 4.065366972477064134e-01 3.950688073394495459e-01 3.853211009174312141e-01 4.048165137614678777e-01 3.899082568807339388e-01
3.652522935779816682e-01 3.738532110091742910e-01 2.500000000000000000e-01 2.127293577981651251e-01 2.150229357798165153e-01 1.680045871559633086e-01 0.000000000000000000e+00 3.555045871559632809e-01 3.560779816513761631e-01 3.555045871559632809e-01 3.864678899082568675e-01 3.973623853211009083e-01 3.973623853211009083e-01 3.950688073394495459e-01 4.076834862385321223e-01 3.715596330275229286e-01 3.709862385321101019e-01 3.836009174311926784e-01 3.939220183486238369e-01 3.893348623853211121e-01 3.824541284403669694e-01 3.881880733944954032e-01 3.836009174311926784e-01 3.767201834862385357e-01 3.824541284403669694e-01 3.910550458715596478e-01 4.111238532110091937e-01 4.088302752293577758e-01 4.030963302752293420e-01 4.088302752293577758e-01 4.134174311926605561e-01 4.048165137614678777e-01 4.128440366972477293e-01 4.099770642201834847e-01 4.099770642201834847e-01 4.162844036697247452e-01 4.013761467889908063e-01 4.082568807339449490e-01 4.082568807339449490e-01 4.071100917431192401e-01 4.013761467889908063e-01 4.111238532110091937e-01 4.128440366972477293e-01 4.162844036697247452e-01 4.248853211009174236e-01 4.202981651376146988e-01 4.162844036697247452e-01 4.174311926605504541e-01 4.128440366972477293e-01 4.139908256880733828e-01 4.352064220183486376e-01 3.956422018348623726e-01 4.197247706422018165e-01 3.967889908256880815e-01 4.082568807339449490e-01 4.237385321100917701e-01 4.231651376146788879e-01 4.180045871559632809e-01 4.105504587155963114e-01 4.053899082568807599e-01 4.002293577981651529e-01 4.019495412844036886e-01 4.019495412844036886e-01 4.180045871559632809e-01 4.128440366972477293e-01 3.985091743119266172e-01 3.985091743119266172e-01 4.065366972477064134e-01 4.094036697247706580e-01 4.053899082568807599e-01 4.042431192660550510e-01 4.076834862385321223e-01 3.916284403669724745e-01 4.042431192660550510e-01 3.795871559633027248e-01 4.111238532110091937e-01 4.151376146788990917e-01 4.111238532110091937e-01 3.910550458715596478e-01 3.927752293577981835e-01 3.927752293577981835e-01 3.973623853211009083e-01 4.002293577981651529e-01 3.933486238532110102e-01 4.030963302752293420e-01 3.761467889908257090e-01 3.761467889908257090e-01 3.864678899082568675e-01 3.927752293577981835e-01 3.967889908256880815e-01 3.904816513761467656e-01 4.036697247706422242e-01 4.036697247706422242e-01 3.979357798165137350e-01 4.082568807339449490e-01 4.105504587155963114e-01 3.956422018348623726e-01 3.818807339449541427e-01 4.174311926605504541e-01 4.025229357798165153e-01
3.417431192660550510e-01 3.216743119266055051e-01 3.589449541284403522e-01 3.589449541284403522e-01 3.537844036697247452e-01 3.509174311926605561e-01 3.555045871559632809e-01 0.000000000000000000e+00 8.027522935779816959e-02 2.087155963302752271e-01 3.486238532110091937e-01 3.520642201834862650e-01 3.560779816513761631e-01 3.560779816513761631e-01 3.727064220183486376e-01 3.463302752293577758e-01 3.469036697247706580e-01 3.623853211009174236e-01 3.526376146788990917e-01 3.686926605504587395e-01 3.652522935779816682e-01 3.646788990825687859e-01 3.595183486238532344e-01 3.388761467889908063e-01 3.474770642201834847e-01 3.463302752293577758e-01 3.847477064220183318e-01 3.738532110091742910e-01 3.715596330275229286e-01 3.790137614678898981e-01 3.732798165137614643e-01 3.836009174311926784e-01 3.967889908256880815e-01 3.899082568807339388e-01 3.910550458715596478e-01 3.922018348623853012e-01 3.744266055045871733e-01 3.778669724770642446e-01 3.778669724770642446e-01 3.727064220183486376e-01 3.738532110091742910e-01 4.019495412844036886e-01 4.042431192660550510e-01 3.933486238532110102e-01 3.939220183486238369e-01 3.899082568807339388e-01 3.990825688073394439e-01 4.019495412844036886e-01 3.847477064220183318e-01 3.858944954128440408e-01 3.973623853211009083e-01 3.669724770642202039e-01 3.807339449541284337e-01 3.721330275229357554e-01 3.767201834862385357e-01 3.916284403669724745e-01 3.824541284403669694e-01 3.755733944954128267e-01 3.996559633027522707e-01 3.663990825688073216e-01 3.623853211009174236e-01 3.744266055045871733e-01 3.755733944954128267e-01 3.904816513761467656e-01 3.709862385321101019e-01 3.434633027522935866e-01 3.457568807339449490e-01 3.480504587155963114e-01 3.469036697247706580e-01 3.537844036697247452e-01 3.600917431192660612e-01 3.738532110091742910e-01 3.572247706422018165e-01 3.641055045871559592e-01 3.457568807339449490e-01 3.767201834862385357e-01 3.767201834862385357e-01 3.641055045871559592e-01 3.520642201834862650e-01 3.514908256880733828e-01 3.669724770642202039e-01 3.698394495412843930e-01 3.658256880733944949e-01 3.583715596330275255e-01 3.635321100917431325e-01 3.537844036697247452e-01 3.537844036697247452e-01 3.463302752293577758e-01 3.618119266055045968e-01 3.577981651376146988e-01 3.555045871559632809e-01 3.967889908256880815e-01 3.807339449541284337e-01 3.790137614678898981e-01 3.784403669724770714e-01 3.807339449541284337e-01 3.606651376146788879e-01 3.463302752293577758e-01 3.755733944954128267e-01 3.635321100917431325e-01
3.400229357798165153e-01 3.233944954128440408e-01 3.623853211009174236e-01 3.526376146788990917e-01 3.497706422018348471e-01 3.486238532110091937e-01 3.560779816513761631e-01 8.027522935779816959e-02 0.000000000000000000e+00 2.041284403669724745e-01 3.549311926605504541e-01 3.474770642201834847e-01 3.600917431192660612e-01 3.537844036697247452e-01 3.778669724770642446e-01 3.434633027522935866e-01 3.451834862385321223e-01 3.600917431192660612e-01 3.526376146788990917e-01 3.704128440366972752e-01 3.612385321100917701e-01 3.635321100917431325e-01 3.583715596330275255e-01 3.428899082568807599e-01 3.423165137614678777e-01 3.555045871559632809e-01 3.887614678899082299e-01 3.761467889908257090e-01 3.727064220183486376e-01 3.772935779816513624e-01 3.721330275229357554e-01 3.698394495412843930e-01 3.973623853211009083e-01 3.939220183486238369e-01 3.956422018348623726e-01 3.933486238532110102e-01 3.853211009174312141e-01 3.767201834862385357e-01 3.744266055045871733e-01 3.732798165137614643e-01 3.698394495412843930e-01 3.967889908256880815e-01 3.962155963302752548e-01 3.950688073394495459e-01 3.967889908256880815e-01 3.956422018348623726e-01 3.996559633027522707e-01 3.990825688073394439e-01 3.830275229357797961e-01 3.847477064220183318e-01 4.013761467889908063e-01 3.618119266055045968e-01 3.795871559633027248e-01 3.709862385321101019e-01 3.744266055045871733e-01 3.910550458715596478e-01 3.807339449541284337e-01 3.801605504587156070e-01 4.008027522935779796e-01 3.715596330275229286e-01 3.744266055045871733e-01 3.818807339449541427e-01 3.830275229357797961e-01 3.904816513761467656e-01 3.738532110091742910e-01 3.405963302752293420e-01 3.417431192660550510e-01 3.532110091743119185e-01 3.509174311926605561e-01 3.635321100917431325e-01 3.652522935779816682e-01 3.772935779816513624e-01 3.612385321100917701e-01 3.669724770642202039e-01 3.497706422018348471e-01 3.721330275229357554e-01 3.732798165137614643e-01 3.721330275229357554e-01 3.532110091743119185e-01 3.520642201834862650e-01 3.669724770642202039e-01 3.698394495412843930e-01 3.612385321100917701e-01 3.612385321100917701e-01 3.692660550458715663e-01 3.555045871559632809e-01 3.555045871559632809e-01 3.497706422018348471e-01 3.727064220183486376e-01 3.549311926605504541e-01 3.486238532110091937e-01 3.899082568807339388e-01 3.824541284403669694e-01 3.807339449541284337e-01 3.681192660550458573e-01 3.772935779816513624e-01 3.491972477064220204e-01 3.503440366972477293e-01 3.784403669724770714e-01 3.600917431192660612e-01
3.285550458715596478e-01 3.342889908256880815e-01 3.583715596330275255e-01 3.514908256880733828e-01 3.589449541284403522e-01 3.549311926605504541e-01 3.555045871559632809e-01 2.087155963302752271e-01 2.041284403669724745e-01 0.000000000000000000e+00 3.503440366972477293e-01 3.629587155963302503e-01 3.658256880733944949e-01 3.606651376146788879e-01 3.778669724770642446e-01 3.532110091743119185e-01 3.532110091743119185e-01 3.681192660550458573e-01 3.583715596330275255e-01 3.778669724770642446e-01 3.755733944954128267e-01 3.801605504587156070e-01 3.738532110091742910e-01 3.595183486238532344e-01 3.486238532110091937e-01 3.532110091743119185e-01 3.801605504587156070e-01 3.813073394495412605e-01 3.755733944954128267e-01 3.595183486238532344e-01 3.663990825688073216e-01 3.709862385321101019e-01 3.910550458715596478e-01 3.847477064220183318e-01 3.996559633027522707e-01 3.916284403669724745e-01 3.750000000000000000e-01 3.755733944954128267e-01 3.652522935779816682e-01 3.595183486238532344e-01 3.646788990825687859e-01 3.979357798165137350e-01 3.950688073394495459e-01 3.956422018348623726e-01 4.013761467889908063e-01 4.025229357798165153e-01 4.030963302752293420e-01 4.053899082568807599e-01 3.979357798165137350e-01 3.990825688073394439e-01 4.025229357798165153e-01 3.744266055045871733e-01 3.979357798165137350e-01 3.721330275229357554e-01 3.778669724770642446e-01 3.922018348623853012e-01 3.927752293577981835e-01 3.778669724770642446e-01 4.002293577981651529e-01 3.813073394495412605e-01 3.681192660550458573e-01 3.761467889908257090e-01 3.767201834862385357e-01 3.939220183486238369e-01 3.750000000000000000e-01 3.537844036697247452e-01 3.572247706422018165e-01 3.577981651376146988e-01 3.566513761467889898e-01 3.618119266055045968e-01 3.572247706422018165e-01 3.686926605504587395e-01 3.589449541284403522e-01 3.646788990825687859e-01 3.491972477064220204e-01 3.543577981651376274e-01 3.572247706422018165e-01 3.675458715596330306e-01 3.635321100917431325e-01 3.635321100917431325e-01 3.698394495412843930e-01 3.750000000000000000e-01 3.635321100917431325e-01 3.618119266055045968e-01 3.721330275229357554e-01 3.629587155963302503e-01 3.629587155963302503e-01 3.595183486238532344e-01 3.658256880733944949e-01 3.595183486238532344e-01 3.474770642201834847e-01 3.795871559633027248e-01 3.709862385321101019e-01 3.727064220183486376e-01 3.635321100917431325e-01 3.778669724770642446e-01 3.491972477064220204e-01 3.532110091743119185e-01 3.807339449541284337e-01 3.675458715596330306e-01
3.451834862385321223e-01 3.440366972477064134e-01 3.853211009174312141e-01 3.807339449541284337e-01 3.801605504587156070e-01 3.698394495412843930e-01 3.864678899082568675e-01 3.486238532110091937e-01 3.549311926605504541e-01 3.503440366972477293e-01 0.000000000000000000e+00 3.549311926605504541e-01 3.623853211009174236e-01 3.526376146788990917e-01 3.750000000000000000e-01 3.360091743119266172e-01 3.365825688073394439e-01 3.463302752293577758e-01 3.440366972477064134e-01 3.526376146788990917e-01 3.497706422018348471e-01 3.503440366972477293e-01 3.463302752293577758e-01 3.411697247706422242e-01 3.239678899082568675e-01 3.514908256880733828e-01 4.105504587155963114e-01 3.870412844036697497e-01 3.881880733944954032e-01 3.899082568807339388e-01 3.916284403669724745e-01 3.795871559633027248e-01 4.059633027522935866e-01 3.939220183486238369e-01 4.008027522935779796e-01 4.105504587155963114e-01 3.887614678899082299e-01 3.807339449541284337e-01 3.686926605504587395e-01 3.675458715596330306e-01 3.795871559633027248e-01 4.088302752293577758e-01 4.025229357798165153e-01 3.990825688073394439e-01 3.950688073394495459e-01 4.065366972477064134e-01 4.019495412844036886e-01 4.082568807339449490e-01 3.853211009174312141e-01 3.922018348623853012e-01 4.116972477064220204e-01 3.870412844036697497e-01 3.973623853211009083e-01 3.698394495412843930e-01 3.795871559633027248e-01 4.059633027522935866e-01 4.036697247706422242e-01 3.944954128440367191e-01 4.071100917431192401e-01 3.795871559633027248e-01 3.698394495412843930e-01 3.732798165137614643e-01 3.744266055045871733e-01 4.048165137614678777e-01 3.778669724770642446e-01 3.411697247706422242e-01 3.555045871559632809e-01 3.514908256880733828e-01 3.543577981651376274e-01 3.738532110091742910e-01 3.709862385321101019e-01 3.807339449541284337e-01 3.709862385321101019e-01 3.704128440366972752e-01 3.566513761467889898e-01 3.824541284403669694e-01 3.790137614678898981e-01 3.727064220183486376e-01 3.818807339449541427e-01 3.818807339449541427e-01 3.818807339449541427e-01 3.807339449541284337e-01 3.876146788990825764e-01 3.818807339449541427e-01 3.795871559633027248e-01 3.623853211009174236e-01 3.623853211009174236e-01 3.669724770642202039e-01 3.715596330275229286e-01 3.595183486238532344e-01 3.623853211009174236e-01 4.002293577981651529e-01 3.813073394495412605e-01 3.772935779816513624e-01 4.025229357798165153e-01 3.681192660550458573e-01 3.514908256880733828e-01 3.606651376146788879e-01 3.795871559633027248e-01 3.543577981651376274e-01
3.790137614678898981e-01 3.600917431192660612e-01 4.019495412844036886e-01 3.939220183486238369e-01 3.899082568807339388e-01 3.893348623853211121e-01 3.973623853211009083e-01 3.520642201834862650e-01 3.474770642201834847e-01 3.629587155963302503e-01 3.549311926605504541e-01 0.000000000000000000e+00 1.416284403669724745e-01 1.376146788990825764e-01 3.314220183486238369e-01 3.486238532110091937e-01 3.503440366972477293e-01 3.686926605504587395e-01 3.698394495412843930e-01 3.641055045871559592e-01 3.652522935779816682e-01 3.652522935779816682e-01 3.583715596330275255e-01 3.491972477064220204e-01 3.388761467889908063e-01 3.600917431192660612e-01 4.168577981651376274e-01 3.836009174311926784e-01 3.853211009174312141e-01 3.876146788990825764e-01 3.876146788990825764e-01 3.858944954128440408e-01 4.116972477064220204e-01 4.082568807339449490e-01 4.099770642201834847e-01 4.025229357798165153e-01 3.916284403669724745e-01 3.870412844036697497e-01 3.870412844036697497e-01 3.847477064220183318e-01 3.807339449541284337e-01 4.225917431192660612e-01 4.202981651376146988e-01 4.030963302752293420e-01 4.111238532110091937e-01 4.191513761467889898e-01 4.076834862385321223e-01 4.139908256880733828e-01 4.013761467889908063e-01 4.053899082568807599e-01 4.174311926605504541e-01 3.864678899082568675e-01 4.071100917431192401e-01 3.818807339449541427e-01 3.922018348623853012e-01 4.105504587155963114e-01 4.065366972477064134e-01 3.967889908256880815e-01 4.088302752293577758e-01 4.008027522935779796e-01 3.899082568807339388e-01 3.910550458715596478e-01 3.910550458715596478e-01 4.202981651376146988e-01 3.967889908256880815e-01 3.801605504587156070e-01 3.813073394495412605e-01 3.778669724770642446e-01 3.790137614678898981e-01 3.870412844036697497e-01 3.876146788990825764e-01 3.950688073394495459e-01 3.910550458715596478e-01 3.933486238532110102e-01 3.738532110091742910e-01 3.750000000000000000e-01 3.784403669724770714e-01 3.841743119266055051e-01 3.910550458715596478e-01 3.927752293577981835e-01 3.772935779816513624e-01 3.795871559633027248e-01 3.830275229357797961e-01 3.801605504587156070e-01 3.922018348623853012e-01 3.813073394495412605e-01 3.813073394495412605e-01 3.761467889908257090e-01 3.801605504587156070e-01 3.750000000000000000e-01 3.761467889908257090e-01 4.025229357798165153e-01 3.979357798165137350e-01 4.013761467889908063e-01 4.145642201834862650e-01 3.899082568807339388e-01 3.681192660550458573e-01 3.790137614678898981e-01 3.996559633027522707e-01 3.721330275229357554e-01
3.755733944954128267e-01 3.715596330275229286e-01 4.048165137614678777e-01 3.939220183486238369e-01 3.956422018348623726e-01 3.899082568807339388e-01 3.973623853211009083e-01 3.560779816513761631e-01 3.600917431192660612e-01 3.658256880733944949e-01 3.623853211009174236e-01 1.416284403669724745e-01 0.000000000000000000e+00 1.261467889908256812e-01 3.268348623853211121e-01 3.446100917431192401e-01 3.469036697247706580e-01 3.595183486238532344e-01 3.606651376146788879e-01 3.675458715596330306e-01 3.618119266055045968e-01 3.618119266055045968e-01 3.612385321100917701e-01 3.497706422018348471e-01 3.417431192660550510e-01 3.698394495412843930e-01 4.151376146788990917e-01 3.841743119266055051e-01 3.876146788990825764e-01 3.870412844036697497e-01 3.870412844036697497e-01 3.881880733944954032e-01 4.174311926605504541e-01 4.180045871559632809e-01 4.243119266055045968e-01 4.008027522935779796e-01 3.944954128440367191e-01 3.767201834862385357e-01 3.830275229357797961e-01 3.818807339449541427e-01 3.784403669724770714e-01 4.174311926605504541e-01 4.151376146788990917e-01 4.094036697247706580e-01 4.139908256880733828e-01 4.225917431192660612e-01 4.168577981651376274e-01 4.214449541284403522e-01 4.065366972477064134e-01 4.082568807339449490e-01 4.185779816513761631e-01 3.858944954128440408e-01 4.048165137614678777e-01 3.818807339449541427e-01 3.899082568807339388e-01 4.082568807339449490e-01 4.053899082568807599e-01 3.836009174311926784e-01 4.082568807339449490e-01 3.950688073394495459e-01 3.864678899082568675e-01 3.887614678899082299e-01 3.841743119266055051e-01 4.122706422018348471e-01 3.985091743119266172e-01 3.778669724770642446e-01 3.772935779816513624e-01 3.801605504587156070e-01 3.807339449541284337e-01 3.790137614678898981e-01 3.818807339449541427e-01 3.870412844036697497e-01 3.761467889908257090e-01 3.853211009174312141e-01 3.641055045871559592e-01 3.795871559633027248e-01 3.830275229357797961e-01 3.790137614678898981e-01 3.836009174311926784e-01 3.813073394495412605e-01 3.870412844036697497e-01 3.887614678899082299e-01 3.870412844036697497e-01 3.784403669724770714e-01 3.962155963302752548e-01 3.830275229357797961e-01 3.830275229357797961e-01 3.807339449541284337e-01 3.916284403669724745e-01 3.784403669724770714e-01 3.807339449541284337e-01 4.025229357798165153e-01 3.990825688073394439e-01 4.002293577981651529e-01 4.082568807339449490e-01 4.008027522935779796e-01 3.704128440366972752e-01 3.761467889908257090e-01 3.985091743119266172e-01 3.784403669724770714e-01
3.704128440366972752e-01 3.635321100917431325e-01 3.910550458715596478e-01 3.927752293577981835e-01 3.944954128440367191e-01 3.893348623853211121e-01 3.950688073394495459e-01 3.560779816513761631e-01 3.537844036697247452e-01 3.606651376146788879e-01 3.526376146788990917e-01 1.376146788990825764e-01 1.261467889908256812e-01 0.000000000000000000e+00 3.297018348623853012e-01 3.428899082568807599e-01 3.451834862385321223e-01 3.560779816513761631e-01 3.457568807339449490e-01 3.663990825688073216e-01 3.560779816513761631e-01 3.612385321100917701e-01 3.543577981651376274e-01 3.446100917431192401e-01 3.291284403669724745e-01 3.698394495412843930e-01 4.185779816513761631e-01 3.836009174311926784e-01 3.870412844036697497e-01 3.864678899082568675e-01 3.876146788990825764e-01 3.853211009174312141e-01 4.139908256880733828e-01 4.139908256880733828e-01 4.202981651376146988e-01 4.151376146788990917e-01 3.962155963302752548e-01 3.813073394495412605e-01 3.864678899082568675e-01 3.830275229357797961e-01 3.853211009174312141e-01 4.197247706422018165e-01 4.185779816513761631e-01 4.116972477064220204e-01 4.145642201834862650e-01 4.145642201834862650e-01 4.139908256880733828e-01 4.248853211009174236e-01 4.134174311926605561e-01 4.185779816513761631e-01 4.288990825688073216e-01 3.732798165137614643e-01 4.002293577981651529e-01 3.784403669724770714e-01 3.824541284403669694e-01 4.076834862385321223e-01 4.025229357798165153e-01 3.904816513761467656e-01 4.030963302752293420e-01 3.996559633027522707e-01 3.870412844036697497e-01 3.836009174311926784e-01 3.864678899082568675e-01 4.168577981651376274e-01 3.950688073394495459e-01 3.836009174311926784e-01 3.813073394495412605e-01 3.744266055045871733e-01 3.767201834862385357e-01 3.767201834862385357e-01 3.738532110091742910e-01 3.830275229357797961e-01 3.807339449541284337e-01 3.824541284403669694e-01 3.600917431192660612e-01 3.727064220183486376e-01 3.778669724770642446e-01 3.790137614678898981e-01 3.841743119266055051e-01 3.847477064220183318e-01 3.778669724770642446e-01 3.813073394495412605e-01 3.801605504587156070e-01 3.795871559633027248e-01 3.870412844036697497e-01 3.727064220183486376e-01 3.727064220183486376e-01 3.721330275229357554e-01 3.927752293577981835e-01 3.744266055045871733e-01 3.681192660550458573e-01 3.956422018348623726e-01 4.013761467889908063e-01 3.990825688073394439e-01 4.076834862385321223e-01 3.990825688073394439e-01 3.658256880733944949e-01 3.738532110091742910e-01 4.008027522935779796e-01 3.727064220183486376e-01
4.002293577981651529e-01 3.847477064220183318e-01 4.094036697247706580e-01 4.099770642201834847e-01 4.053899082568807599e-01 4.168577981651376274e-01 4.076834862385321223e-01 3.727064220183486376e-01 3.778669724770642446e-01 3.778669724770642446e-01 3.750000000000000000e-01 3.314220183486238369e-01 3.268348623853211121e-01 3.297018348623853012e-01 0.000000000000000000e+00 3.612385321100917701e-01 3.629587155963302503e-01 3.721330275229357554e-01 3.767201834862385357e-01 3.858944954128440408e-01 3.709862385321101019e-01 3.755733944954128267e-01 3.721330275229357554e-01 3.761467889908257090e-01 3.652522935779816682e-01 3.675458715596330306e-01 4.162844036697247452e-01 4.111238532110091937e-01 4.122706422018348471e-01 4.180045871559632809e-01 4.122706422018348471e-01 3.996559633027522707e-01 4.128440366972477293e-01 4.134174311926605561e-01 4.174311926605504541e-01 4.116972477064220204e-01 4.174311926605504541e-01 4.157110091743119185e-01 4.139908256880733828e-01 4.174311926605504541e-01 4.208715596330275255e-01 4.260321100917431325e-01 4.271788990825687859e-01 4.352064220183486376e-01 4.346330275229357554e-01 4.294724770642202039e-01 4.334862385321101019e-01 4.311926605504587395e-01 4.260321100917431325e-01 4.243119266055045968e-01 4.409403669724770714e-01 4.134174311926605561e-01 4.157110091743119185e-01 4.099770642201834847e-01 4.076834862385321223e-01 4.357798165137614643e-01 4.340596330275229286e-01 4.243119266055045968e-01 4.185779816513761631e-01 3.979357798165137350e-01 3.956422018348623726e-01 4.019495412844036886e-01 4.048165137614678777e-01 4.277522935779816682e-01 4.059633027522935866e-01 3.962155963302752548e-01 3.962155963302752548e-01 3.967889908256880815e-01 3.950688073394495459e-01 3.979357798165137350e-01 3.950688073394495459e-01 4.071100917431192401e-01 4.013761467889908063e-01 4.134174311926605561e-01 3.847477064220183318e-01 4.042431192660550510e-01 4.059633027522935866e-01 4.134174311926605561e-01 4.030963302752293420e-01 4.025229357798165153e-01 4.025229357798165153e-01 4.025229357798165153e-01 4.002293577981651529e-01 4.030963302752293420e-01 4.059633027522935866e-01 4.042431192660550510e-01 4.042431192660550510e-01 4.036697247706422242e-01 4.030963302752293420e-01 4.008027522935779796e-01 3.853211009174312141e-01 4.254587155963302503e-01 4.180045871559632809e-01 4.111238532110091937e-01 4.071100917431192401e-01 4.025229357798165153e-01 3.881880733944954032e-01 3.841743119266055051e-01 3.944954128440367191e-01 3.973623853211009083e-01
3.577981651376146988e-01 3.595183486238532344e-01 3.813073394495412605e-01 3.750000000000000000e-01 3.761467889908257090e-01 3.727064220183486376e-01 3.715596330275229286e-01 3.463302752293577758e-01 3.434633027522935866e-01 3.532110091743119185e-01 3.360091743119266172e-01 3.486238532110091937e-01 3.446100917431192401e-01 3.428899082568807599e-01 3.612385321100917701e-01 0.000000000000000000e+00 3.440366972477064411e-03 1.863532110091743188e-01 1.897935779816513624e-01 2.935779816513761631e-01 2.872706422018348471e-01 2.872706422018348471e-01 2.889908256880733828e-01 2.717889908256880815e-01 2.545871559633027248e-01 3.262614678899082299e-01 3.939220183486238369e-01 3.750000000000000000e-01 3.738532110091742910e-01 3.870412844036697497e-01 3.853211009174312141e-01 3.686926605504587395e-01 4.013761467889908063e-01 3.956422018348623726e-01 3.922018348623853012e-01 4.048165137614678777e-01 3.910550458715596478e-01 3.790137614678898981e-01 3.790137614678898981e-01 3.824541284403669694e-01 3.778669724770642446e-01 3.996559633027522707e-01 3.962155963302752548e-01 4.036697247706422242e-01 4.048165137614678777e-01 4.076834862385321223e-01 4.036697247706422242e-01 4.076834862385321223e-01 4.002293577981651529e-01 4.053899082568807599e-01 4.145642201834862650e-01 3.681192660550458573e-01 3.944954128440367191e-01 3.692660550458715663e-01 3.767201834862385357e-01 3.899082568807339388e-01 3.927752293577981835e-01 3.836009174311926784e-01 4.076834862385321223e-01 3.738532110091742910e-01 3.818807339449541427e-01 3.876146788990825764e-01 3.795871559633027248e-01 3.956422018348623726e-01 3.944954128440367191e-01 3.543577981651376274e-01 3.560779816513761631e-01 3.509174311926605561e-01 3.497706422018348471e-01 3.623853211009174236e-01 3.618119266055045968e-01 3.772935779816513624e-01 3.698394495412843930e-01 3.635321100917431325e-01 3.446100917431192401e-01 3.772935779816513624e-01 3.778669724770642446e-01 3.675458715596330306e-01 3.646788990825687859e-01 3.629587155963302503e-01 3.761467889908257090e-01 3.738532110091742910e-01 3.709862385321101019e-01 3.738532110091742910e-01 3.744266055045871733e-01 3.572247706422018165e-01 3.572247706422018165e-01 3.572247706422018165e-01 3.595183486238532344e-01 3.750000000000000000e-01 3.698394495412843930e-01 4.002293577981651529e-01 3.881880733944954032e-01 3.870412844036697497e-01 3.927752293577981835e-01 3.795871559633027248e-01 3.606651376146788879e-01 3.463302752293577758e-01 3.876146788990825764e-01 3.761467889908257090e-01
