0.000000000000000000e+00 1.460480040424637915e-01 1.465062058691582736e-01 1.575878767954601301e-01 1.520265742800679387e-01 1.797755852817483346e-01 2.155940127319734279e-01 2.160967498751414362e-01 2.115842014429980544e-01 2.277537026349876759e-01 2.856038930618972627e-01 2.784653400852691307e-01 2.806545899978011294e-01 2.779190246550184984e-01 3.012139709308772617e-01 3.252557139828089472e-01 3.206165239332757766e-01 3.223528591139470656e-01 3.229325319497082791e-01 3.328561428047267512e-01 3.299237788450601894e-01 3.183076457629602229e-01 3.160058536748968638e-01 3.154315077629740172e-01 3.194611963620679895e-01 3.119946382048944811e-01 3.270028352594835930e-01 3.154315077629740172e-01 3.375719036908578774e-01 3.387554915219784246e-01 3.393479866153337188e-01 3.441048735976866002e-01 3.281698479430793514e-01 3.102820914757770665e-01 3.029059129944610129e-01 3.068686848252886734e-01 3.322687520946342454e-01 3.258376356465558232e-01 3.194611963620679895e-01 3.211948557958871353e-01 3.293386793484762709e-01 3.211948557958871353e-01 3.200386376840611558e-01 3.217736339596585782e-01 3.652784803592030727e-01 3.603858291401986214e-01 3.549194802016555350e-01 3.464946791247424662e-01 3.458965134676196262e-01 3.458965134676196262e-01 3.470933222322208911e-01 3.512972569011476587e-01 3.506952501798622501e-01 3.561307859831292499e-01 3.405343828553435981e-01 3.482920438512821515e-01 3.531061818032537047e-01 3.476924435528570001e-01 3.525027219343016549e-01 3.411282854863514347e-01 3.543145601527307176e-01 3.447016114623460137e-01 3.603858291401986214e-01 3.200386376840611558e-01 3.119946382048944811e-01 3.142841337503160526e-01 3.131385123463023001e-01 3.264200091713527208e-01 3.322687520946342454e-01 3.183076457629602229e-01 3.264200091713527208e-01 3.328561428047267512e-01 3.299237788450601894e-01 3.334439939125489749e-01 3.299237788450601894e-01 3.482920438512821515e-01 3.200386376840611558e-01 3.246742434794615551e-01 3.206165239332757766e-01 3.375719036908578774e-01 3.246742434794615551e-01 3.194611963620679895e-01 3.275861146148704162e-01 3.293386793484762709e-01 3.258376356465558232e-01 3.252557139828089472e-01 3.258376356465558232e-01 3.299237788450601894e-01 3.352103168537752809e-01 3.275861146148704162e-01 3.293386793484762709e-01 3.188841992827051164e-01 3.281698479430793514e-01 3.188841992827051164e-01 3.235126531595007848e-01 3.275861146148704162e-01 3.275861146148704162e-01 3.240932234374916954e-01 3.165806397548882600e-01 3.334439939125489749e-01
1.460480040424637915e-01 0.000000000000000000e+00 2.180349040789789430e-02 1.660079236524749646e-01 1.589846697496309358e-01 1.952666695548078701e-01 2.075957143121777149e-01 2.226631853549377316e-01 2.226631853549377316e-01 2.262229163001862886e-01 2.839504937394896067e-01 2.790120537530206835e-01 2.795591662392887811e-01 2.768275861892997569e-01 3.108525060044772248e-01 3.206165239332757766e-01 3.211948557958871353e-01 3.240932234374916954e-01 3.125663572009443336e-01 3.097121104477104092e-01 3.223528591139470656e-01 3.171558666781388869e-01 3.160058536748968638e-01 3.131385123463023001e-01 3.091425622618787505e-01 3.085734462613819451e-01 3.281698479430793514e-01 3.142841337503160526e-01 3.429128203666064190e-01 3.375719036908578774e-01 3.381634641264167351e-01 3.399409501460234351e-01 3.352103168537752809e-01 3.229325319497082791e-01 3.148576013454788547e-01 3.206165239332757766e-01 3.322687520946342454e-01 3.287540359513251298e-01 3.154315077629740172e-01 3.177315351213947370e-01 3.206165239332757766e-01 3.240932234374916954e-01 3.206165239332757766e-01 3.252557139828089472e-01 3.585592824384606914e-01 3.500937262871714473e-01 3.531061818032537047e-01 3.549194802016555350e-01 3.464946791247424662e-01 3.423175034944980211e-01 3.543145601527307176e-01 3.429128203666064190e-01 3.488921238939629577e-01 3.464946791247424662e-01 3.435086101503537215e-01 3.482920438512821515e-01 3.549194802016555350e-01 3.399409501460234351e-01 3.488921238939629577e-01 3.435086101503537215e-01 3.435086101503537215e-01 3.417226587838709806e-01 3.488921238939629577e-01 3.160058536748968638e-01 3.171558666781388869e-01 3.281698479430793514e-01 3.275861146148704162e-01 3.235126531595007848e-01 3.246742434794615551e-01 3.287540359513251298e-01 3.316818210616801488e-01 3.381634641264167351e-01 3.346210802122320249e-01 3.369808094792556274e-01 3.252557139828089472e-01 3.369808094792556274e-01 3.264200091713527208e-01 3.299237788450601894e-01 3.154315077629740172e-01 3.369808094792556274e-01 3.275861146148704162e-01 3.252557139828089472e-01 3.299237788450601894e-01 3.310953489869636890e-01 3.246742434794615551e-01 3.252557139828089472e-01 3.310953489869636890e-01 3.305093351532689683e-01 3.369808094792556274e-01 3.310953489869636890e-01 3.346210802122320249e-01 3.240932234374916954e-01 3.258376356465558232e-01 3.293386793484762709e-01 3.287540359513251298e-01 3.246742434794615551e-01 3.258376356465558232e-01 3.240932234374916954e-01 3.252557139828089472e-01 3.375719036908578774e-01
1.465062058691582736e-01 2.180349040789789430e-02 0.000000000000000000e+00 1.664784872985713149e-01 1.617860840878424245e-01 1.977163178947737021e-01 2.090889124605331273e-01 2.211427433430571132e-01 2.226631853549377316e-01 2.282646598478922928e-01 2.861558371564751901e-01 2.828502490433952299e-01 2.828502490433952299e-01 2.806545899978011294e-01 3.142841337503160526e-01 3.165806397548882600e-01 3.188841992827051164e-01 3.252557139828089472e-01 3.217736339596585782e-01 3.165806397548882600e-01 3.235126531595007848e-01 3.154315077629740172e-01 3.171558666781388869e-01 3.137111043069302219e-01 3.114233546937129060e-01 3.131385123463023001e-01 3.287540359513251298e-01 3.171558666781388869e-01 3.405343828553435981e-01 3.363901807573024261e-01 3.375719036908578774e-01 3.387554915219784246e-01 3.310953489869636890e-01 3.229325319497082791e-01 3.142841337503160526e-01 3.188841992827051164e-01 3.346210802122320249e-01 3.310953489869636890e-01 3.160058536748968638e-01 3.223528591139470656e-01 3.258376356465558232e-01 3.310953489869636890e-01 3.264200091713527208e-01 3.270028352594835930e-01 3.622168350679302318e-01 3.506952501798622501e-01 3.573440512787187662e-01 3.609956679053341055e-01 3.531061818032537047e-01 3.429128203666064190e-01 3.555248885488029309e-01 3.447016114623460137e-01 3.500937262871714473e-01 3.500937262871714473e-01 3.447016114623460137e-01 3.500937262871714473e-01 3.543145601527307176e-01 3.393479866153337188e-01 3.470933222322208911e-01 3.411282854863514347e-01 3.464946791247424662e-01 3.458965134676196262e-01 3.531061818032537047e-01 3.177315351213947370e-01 3.165806397548882600e-01 3.281698479430793514e-01 3.275861146148704162e-01 3.188841992827051164e-01 3.229325319497082791e-01 3.264200091713527208e-01 3.369808094792556274e-01 3.369808094792556274e-01 3.393479866153337188e-01 3.393479866153337188e-01 3.252557139828089472e-01 3.369808094792556274e-01 3.270028352594835930e-01 3.305093351532689683e-01 3.188841992827051164e-01 3.346210802122320249e-01 3.258376356465558232e-01 3.246742434794615551e-01 3.264200091713527208e-01 3.334439939125489749e-01 3.252557139828089472e-01 3.264200091713527208e-01 3.322687520946342454e-01 3.334439939125489749e-01 3.387554915219784246e-01 3.334439939125489749e-01 3.328561428047267512e-01 3.246742434794615551e-01 3.316818210616801488e-01 3.305093351532689683e-01 3.229325319497082791e-01 3.217736339596585782e-01 3.270028352594835930e-01 3.200386376840611558e-01 3.217736339596585782e-01 3.328561428047267512e-01
1.575878767954601301e-01 1.660079236524749646e-01 1.664784872985713149e-01 0.000000000000000000e+00 4.146557415807010372e-02 2.070986415004333892e-01 2.186155029420900897e-01 2.359710868246160109e-01 2.313377349418089257e-01 2.432359037745512320e-01 2.900308611537386061e-01 2.817516160344444298e-01 2.812029024384531395e-01 2.801066781263609751e-01 3.125663572009443336e-01 3.252557139828089472e-01 3.229325319497082791e-01 3.240932234374916954e-01 3.194611963620679895e-01 3.188841992827051164e-01 3.281698479430793514e-01 3.211948557958871353e-01 3.235126531595007848e-01 3.240932234374916954e-01 3.252557139828089472e-01 3.270028352594835930e-01 3.293386793484762709e-01 3.211948557958871353e-01 3.423175034944980211e-01 3.494926844492077245e-01 3.494926844492077245e-01 3.476924435528570001e-01 3.322687520946342454e-01 3.252557139828089472e-01 3.165806397548882600e-01 3.194611963620679895e-01 3.340323061403879246e-01 3.316818210616801488e-01 3.183076457629602229e-01 3.264200091713527208e-01 3.310953489869636890e-01 3.299237788450601894e-01 3.287540359513251298e-01 3.399409501460234351e-01 3.652784803592030727e-01 3.616060029451199087e-01 3.634399938060143276e-01 3.603858291401986214e-01 3.646651506262355569e-01 3.387554915219784246e-01 3.482920438512821515e-01 3.494926844492077245e-01 3.518997472267597626e-01 3.518997472267597626e-01 3.537101276149792750e-01 3.579514207274880899e-01 3.543145601527307176e-01 3.452988244998742573e-01 3.543145601527307176e-01 3.375719036908578774e-01 3.452988244998742573e-01 3.452988244998742573e-01 3.506952501798622501e-01 3.322687520946342454e-01 3.252557139828089472e-01 3.235126531595007848e-01 3.252557139828089472e-01 3.281698479430793514e-01 3.299237788450601894e-01 3.270028352594835930e-01 3.299237788450601894e-01 3.369808094792556274e-01 3.328561428047267512e-01 3.393479866153337188e-01 3.340323061403879246e-01 3.447016114623460137e-01 3.322687520946342454e-01 3.316818210616801488e-01 3.264200091713527208e-01 3.417226587838709806e-01 3.270028352594835930e-01 3.240932234374916954e-01 3.340323061403879246e-01 3.429128203666064190e-01 3.399409501460234351e-01 3.387554915219784246e-01 3.405343828553435981e-01 3.363901807573024261e-01 3.411282854863514347e-01 3.334439939125489749e-01 3.270028352594835930e-01 3.293386793484762709e-01 3.340323061403879246e-01 3.310953489869636890e-01 3.369808094792556274e-01 3.393479866153337188e-01 3.334439939125489749e-01 3.223528591139470656e-01 3.299237788450601894e-01 3.375719036908578774e-01
1.520265742800679387e-01 1.589846697496309358e-01 1.617860840878424245e-01 4.146557415807010372e-02 0.000000000000000000e+00 1.942890461272246683e-01 2.125846462334071707e-01 2.267328313339928014e-01 2.252041251088897356e-01 2.375219202318725464e-01 2.872609454114301575e-01 2.762824619981300023e-01 2.762824619981300023e-01 2.741059187535221930e-01 3.114233546937129060e-01 3.229325319497082791e-01 3.194611963620679895e-01 3.165806397548882600e-01 3.229325319497082791e-01 3.194611963620679895e-01 3.299237788450601894e-01 3.177315351213947370e-01 3.206165239332757766e-01 3.275861146148704162e-01 3.240932234374916954e-01 3.293386793484762709e-01 3.316818210616801488e-01 3.211948557958871353e-01 3.399409501460234351e-01 3.488921238939629577e-01 3.494926844492077245e-01 3.447016114623460137e-01 3.387554915219784246e-01 3.252557139828089472e-01 3.188841992827051164e-01 3.235126531595007848e-01 3.328561428047267512e-01 3.310953489869636890e-01 3.154315077629740172e-01 3.229325319497082791e-01 3.281698479430793514e-01 3.275861146148704162e-01 3.305093351532689683e-01 3.405343828553435981e-01 3.695858899837414224e-01 3.622168350679302318e-01 3.603858291401986214e-01 3.561307859831292499e-01 3.567371732955044172e-01 3.452988244998742573e-01 3.429128203666064190e-01 3.476924435528570001e-01 3.441048735976866002e-01 3.417226587838709806e-01 3.543145601527307176e-01 3.567371732955044172e-01 3.525027219343016549e-01 3.458965134676196262e-01 3.555248885488029309e-01 3.429128203666064190e-01 3.435086101503537215e-01 3.531061818032537047e-01 3.549194802016555350e-01 3.369808094792556274e-01 3.246742434794615551e-01 3.211948557958871353e-01 3.246742434794615551e-01 3.235126531595007848e-01 3.235126531595007848e-01 3.264200091713527208e-01 3.305093351532689683e-01 3.346210802122320249e-01 3.375719036908578774e-01 3.452988244998742573e-01 3.340323061403879246e-01 3.441048735976866002e-01 3.275861146148704162e-01 3.264200091713527208e-01 3.206165239332757766e-01 3.393479866153337188e-01 3.246742434794615551e-01 3.171558666781388869e-01 3.275861146148704162e-01 3.369808094792556274e-01 3.334439939125489749e-01 3.316818210616801488e-01 3.375719036908578774e-01 3.369808094792556274e-01 3.411282854863514347e-01 3.346210802122320249e-01 3.287540359513251298e-01 3.299237788450601894e-01 3.346210802122320249e-01 3.322687520946342454e-01 3.352103168537752809e-01 3.310953489869636890e-01 3.346210802122320249e-01 3.240932234374916954e-01 3.217736339596585782e-01 3.293386793484762709e-01
1.797755852817483346e-01 1.952666695548078701e-01 1.977163178947737021e-01 2.070986415004333892e-01 1.942890461272246683e-01 0.000000000000000000e+00 1.816945628744915942e-01 2.036283257351945153e-01 1.908773647324479017e-01 2.046182070931451824e-01 2.681527906848380494e-01 2.611776599284351685e-01 2.606437887467988879e-01 2.585120961701014575e-01 3.046016805803490879e-01 3.119946382048944811e-01 3.183076457629602229e-01 3.108525060044772248e-01 3.085734462613819451e-01 3.068686848252886734e-01 3.160058536748968638e-01 3.063012910269500289e-01 3.102820914757770665e-01 3.235126531595007848e-01 3.165806397548882600e-01 3.114233546937129060e-01 3.131385123463023001e-01 3.080047617908142077e-01 3.119946382048944811e-01 3.171558666781388869e-01 3.171558666781388869e-01 3.137111043069302219e-01 3.154315077629740172e-01 3.051677895517484473e-01 3.057343261517704858e-01 3.051677895517484473e-01 3.293386793484762709e-01 3.194611963620679895e-01 3.125663572009443336e-01 3.085734462613819451e-01 3.114233546937129060e-01 3.119946382048944811e-01 3.000881263361768747e-01 3.142841337503160526e-01 3.447016114623460137e-01 3.494926844492077245e-01 3.458965134676196262e-01 3.458965134676196262e-01 3.399409501460234351e-01 3.363901807573024261e-01 3.405343828553435981e-01 3.494926844492077245e-01 3.405343828553435981e-01 3.393479866153337188e-01 3.435086101503537215e-01 3.447016114623460137e-01 3.500937262871714473e-01 3.417226587838709806e-01 3.452988244998742573e-01 3.543145601527307176e-01 3.488921238939629577e-01 3.429128203666064190e-01 3.500937262871714473e-01 3.240932234374916954e-01 3.217736339596585782e-01 3.270028352594835930e-01 3.252557139828089472e-01 3.223528591139470656e-01 3.240932234374916954e-01 3.160058536748968638e-01 3.223528591139470656e-01 3.287540359513251298e-01 3.223528591139470656e-01 3.246742434794615551e-01 3.223528591139470656e-01 3.476924435528570001e-01 3.246742434794615551e-01 3.258376356465558232e-01 3.194611963620679895e-01 3.399409501460234351e-01 3.358000167924242163e-01 3.340323061403879246e-01 3.305093351532689683e-01 3.340323061403879246e-01 3.305093351532689683e-01 3.287540359513251298e-01 3.369808094792556274e-01 3.387554915219784246e-01 3.399409501460234351e-01 3.387554915219784246e-01 3.211948557958871353e-01 3.246742434794615551e-01 3.358000167924242163e-01 3.281698479430793514e-01 3.137111043069302219e-01 3.200386376840611558e-01 3.258376356465558232e-01 3.217736339596585782e-01 3.264200091713527208e-01 3.316818210616801488e-01
2.155940127319734279e-01 2.075957143121777149e-01 2.090889124605331273e-01 2.186155029420900897e-01 2.125846462334071707e-01 1.816945628744915942e-01 0.000000000000000000e+00 1.660079236524749646e-01 1.674205012386160707e-01 1.707268989521905367e-01 2.569172934427781940e-01 2.622465437198069349e-01 2.563864452431949825e-01 2.574485176415898247e-01 2.784653400852691307e-01 3.074365081962601165e-01 3.006508373792048938e-01 2.944841152071511203e-01 3.040359985925010777e-01 3.017775276261471795e-01 2.950426357741068872e-01 2.900308611537386061e-01 2.933683203075728163e-01 3.000881263361768747e-01 2.978414946013280273e-01 2.944841152071511203e-01 3.000881263361768747e-01 2.933683203075728163e-01 3.119946382048944811e-01 3.137111043069302219e-01 3.142841337503160526e-01 3.142841337503160526e-01 3.063012910269500289e-01 2.961609262397421061e-01 3.029059129944610129e-01 2.950426357741068872e-01 3.148576013454788547e-01 3.074365081962601165e-01 3.046016805803490879e-01 3.057343261517704858e-01 3.063012910269500289e-01 3.114233546937129060e-01 3.040359985925010777e-01 3.108525060044772248e-01 3.429128203666064190e-01 3.270028352594835930e-01 3.328561428047267512e-01 3.322687520946342454e-01 3.393479866153337188e-01 3.299237788450601894e-01 3.223528591139470656e-01 3.322687520946342454e-01 3.328561428047267512e-01 3.316818210616801488e-01 3.293386793484762709e-01 3.281698479430793514e-01 3.381634641264167351e-01 3.293386793484762709e-01 3.340323061403879246e-01 3.352103168537752809e-01 3.369808094792556274e-01 3.316818210616801488e-01 3.299237788450601894e-01 3.057343261517704858e-01 3.029059129944610129e-01 3.131385123463023001e-01 3.131385123463023001e-01 3.063012910269500289e-01 3.085734462613819451e-01 3.085734462613819451e-01 3.154315077629740172e-01 3.142841337503160526e-01 3.119946382048944811e-01 3.148576013454788547e-01 3.148576013454788547e-01 3.217736339596585782e-01 3.131385123463023001e-01 3.171558666781388869e-01 3.046016805803490879e-01 3.188841992827051164e-01 3.171558666781388869e-01 3.119946382048944811e-01 3.270028352594835930e-01 3.183076457629602229e-01 3.108525060044772248e-01 3.131385123463023001e-01 3.229325319497082791e-01 3.252557139828089472e-01 3.270028352594835930e-01 3.293386793484762709e-01 3.200386376840611558e-01 3.194611963620679895e-01 3.246742434794615551e-01 3.137111043069302219e-01 3.114233546937129060e-01 3.154315077629740172e-01 3.097121104477104092e-01 3.012139709308772617e-01 3.040359985925010777e-01 3.148576013454788547e-01
2.160967498751414362e-01 2.226631853549377316e-01 2.211427433430571132e-01 2.359710868246160109e-01 2.267328313339928014e-01 2.036283257351945153e-01 1.660079236524749646e-01 0.000000000000000000e+00 1.396623988757189072e-01 1.469646877988715905e-01 2.553258747152964969e-01 2.510985267456948833e-01 2.532092223226289351e-01 2.505717796796789187e-01 2.889216669658638548e-01 2.961609262397421061e-01 2.961609262397421061e-01 3.080047617908142077e-01 2.961609262397421061e-01 2.989639692433749274e-01 2.989639692433749274e-01 2.883676844219025259e-01 2.995258371682674170e-01 2.961609262397421061e-01 2.972808866270510442e-01 2.933683203075728163e-01 2.995258371682674170e-01 2.812029024384531395e-01 3.183076457629602229e-01 3.223528591139470656e-01 3.223528591139470656e-01 3.188841992827051164e-01 3.085734462613819451e-01 2.956015725780162251e-01 2.900308611537386061e-01 2.922541829400229219e-01 3.085734462613819451e-01 2.984025219308173438e-01 2.978414946013280273e-01 2.928110447401379712e-01 3.063012910269500289e-01 3.057343261517704858e-01 2.984025219308173438e-01 2.984025219308173438e-01 3.334439939125489749e-01 3.381634641264167351e-01 3.305093351532689683e-01 3.264200091713527208e-01 3.429128203666064190e-01 3.275861146148704162e-01 3.316818210616801488e-01 3.358000167924242163e-01 3.387554915219784246e-01 3.275861146148704162e-01 3.316818210616801488e-01 3.252557139828089472e-01 3.270028352594835930e-01 3.281698479430793514e-01 3.293386793484762709e-01 3.217736339596585782e-01 3.229325319497082791e-01 3.316818210616801488e-01 3.252557139828089472e-01 3.040359985925010777e-01 3.063012910269500289e-01 3.068686848252886734e-01 3.068686848252886734e-01 2.995258371682674170e-01 3.068686848252886734e-01 2.956015725780162251e-01 3.154315077629740172e-01 3.137111043069302219e-01 3.125663572009443336e-01 3.171558666781388869e-01 3.029059129944610129e-01 3.206165239332757766e-01 2.967206973815377236e-01 2.989639692433749274e-01 3.051677895517484473e-01 3.080047617908142077e-01 3.063012910269500289e-01 3.068686848252886734e-01 3.200386376840611558e-01 3.154315077629740172e-01 3.074365081962601165e-01 3.080047617908142077e-01 3.074365081962601165e-01 3.102820914757770665e-01 3.177315351213947370e-01 3.148576013454788547e-01 3.119946382048944811e-01 3.114233546937129060e-01 3.137111043069302219e-01 3.091425622618787505e-01 3.200386376840611558e-01 3.114233546937129060e-01 3.080047617908142077e-01 3.068686848252886734e-01 3.000881263361768747e-01 3.154315077629740172e-01
2.115842014429980544e-01 2.226631853549377316e-01 2.226631853549377316e-01 2.313377349418089257e-01 2.252041251088897356e-01 1.908773647324479017e-01 1.674205012386160707e-01 1.396623988757189072e-01 0.000000000000000000e+00 1.133334682062240306e-01 2.579801183726469493e-01 2.474190426690540956e-01 2.526809912877635567e-01 2.489937545504765648e-01 2.950426357741068872e-01 3.012139709308772617e-01 3.085734462613819451e-01 3.046016805803490879e-01 2.972808866270510442e-01 2.995258371682674170e-01 3.000881263361768747e-01 2.911416981872214649e-01 2.956015725780162251e-01 2.939260102576714551e-01 2.916977342932534634e-01 2.900308611537386061e-01 3.034707429445914206e-01 2.861558371564751901e-01 3.217736339596585782e-01 3.264200091713527208e-01 3.270028352594835930e-01 3.275861146148704162e-01 3.160058536748968638e-01 3.006508373792048938e-01 2.933683203075728163e-01 2.933683203075728163e-01 3.085734462613819451e-01 2.972808866270510442e-01 2.978414946013280273e-01 2.928110447401379712e-01 3.051677895517484473e-01 3.091425622618787505e-01 3.012139709308772617e-01 3.046016805803490879e-01 3.470933222322208911e-01 3.346210802122320249e-01 3.458965134676196262e-01 3.458965134676196262e-01 3.441048735976866002e-01 3.293386793484762709e-01 3.334439939125489749e-01 3.452988244998742573e-01 3.405343828553435981e-01 3.411282854863514347e-01 3.328561428047267512e-01 3.328561428047267512e-01 3.387554915219784246e-01 3.352103168537752809e-01 3.340323061403879246e-01 3.346210802122320249e-01 3.423175034944980211e-01 3.363901807573024261e-01 3.369808094792556274e-01 3.051677895517484473e-01 3.137111043069302219e-01 3.040359985925010777e-01 3.080047617908142077e-01 3.000881263361768747e-01 3.074365081962601165e-01 3.068686848252886734e-01 3.102820914757770665e-01 3.217736339596585782e-01 3.063012910269500289e-01 3.148576013454788547e-01 3.165806397548882600e-01 3.177315351213947370e-01 3.097121104477104092e-01 3.131385123463023001e-01 3.051677895517484473e-01 3.194611963620679895e-01 3.131385123463023001e-01 3.211948557958871353e-01 3.252557139828089472e-01 3.154315077629740172e-01 3.068686848252886734e-01 3.057343261517704858e-01 3.188841992827051164e-01 3.160058536748968638e-01 3.200386376840611558e-01 3.246742434794615551e-01 3.235126531595007848e-01 3.131385123463023001e-01 3.102820914757770665e-01 3.119946382048944811e-01 3.148576013454788547e-01 3.108525060044772248e-01 3.091425622618787505e-01 3.108525060044772248e-01 3.029059129944610129e-01 3.125663572009443336e-01
2.277537026349876759e-01 2.262229163001862886e-01 2.282646598478922928e-01 2.432359037745512320e-01 2.375219202318725464e-01 2.046182070931451824e-01 1.707268989521905367e-01 1.469646877988715905e-01 1.133334682062240306e-01 0.000000000000000000e+00 2.563864452431949825e-01 2.547961513265888378e-01 2.595771851064981317e-01 2.574485176415898247e-01 2.878141107714786151e-01 3.017775276261471795e-01 3.091425622618787505e-01 3.057343261517704858e-01 2.995258371682674170e-01 2.989639692433749274e-01 3.012139709308772617e-01 2.944841152071511203e-01 2.922541829400229219e-01 2.989639692433749274e-01 2.950426357741068872e-01 2.916977342932534634e-01 2.894760590078621076e-01 2.867081877399285661e-01 3.206165239332757766e-01 3.264200091713527208e-01 3.275861146148704162e-01 3.275861146148704162e-01 3.137111043069302219e-01 3.017775276261471795e-01 2.905860740106797069e-01 2.956015725780162251e-01 3.046016805803490879e-01 3.023415081014008132e-01 2.989639692433749274e-01 2.961609262397421061e-01 3.040359985925010777e-01 3.040359985925010777e-01 2.922541829400229219e-01 3.006508373792048938e-01 3.393479866153337188e-01 3.363901807573024261e-01 3.441048735976866002e-01 3.470933222322208911e-01 3.340323061403879246e-01 3.405343828553435981e-01 3.435086101503537215e-01 3.399409501460234351e-01 3.375719036908578774e-01 3.429128203666064190e-01 3.281698479430793514e-01 3.223528591139470656e-01 3.299237788450601894e-01 3.264200091713527208e-01 3.246742434794615551e-01 3.375719036908578774e-01 3.447016114623460137e-01 3.352103168537752809e-01 3.476924435528570001e-01 2.978414946013280273e-01 3.085734462613819451e-01 3.160058536748968638e-01 3.160058536748968638e-01 3.046016805803490879e-01 3.148576013454788547e-01 3.097121104477104092e-01 3.029059129944610129e-01 3.235126531595007848e-01 3.160058536748968638e-01 3.183076457629602229e-01 3.125663572009443336e-01 3.119946382048944811e-01 3.080047617908142077e-01 3.080047617908142077e-01 3.046016805803490879e-01 3.229325319497082791e-01 3.206165239332757766e-01 3.223528591139470656e-01 3.206165239332757766e-01 3.108525060044772248e-01 3.154315077629740172e-01 3.160058536748968638e-01 3.171558666781388869e-01 3.200386376840611558e-01 3.264200091713527208e-01 3.240932234374916954e-01 3.211948557958871353e-01 3.080047617908142077e-01 3.114233546937129060e-01 3.102820914757770665e-01 3.160058536748968638e-01 3.148576013454788547e-01 3.091425622618787505e-01 3.051677895517484473e-01 3.063012910269500289e-01 3.142841337503160526e-01
2.856038930618972627e-01 2.839504937394896067e-01 2.861558371564751901e-01 2.900308611537386061e-01 2.872609454114301575e-01 2.681527906848380494e-01 2.569172934427781940e-01 2.553258747152964969e-01 2.579801183726469493e-01 2.563864452431949825e-01 0.000000000000000000e+00 7.196033386873942894e-02 8.282807000033630407e-02 7.695665138403945393e-02 2.241867159544513877e-01 3.165806397548882600e-01 3.281698479430793514e-01 3.240932234374916954e-01 3.074365081962601165e-01 3.148576013454788547e-01 3.200386376840611558e-01 3.177315351213947370e-01 3.194611963620679895e-01 3.270028352594835930e-01 3.235126531595007848e-01 3.258376356465558232e-01 3.281698479430793514e-01 3.160058536748968638e-01 3.340323061403879246e-01 3.287540359513251298e-01 3.281698479430793514e-01 3.275861146148704162e-01 3.387554915219784246e-01 3.097121104477104092e-01 3.068686848252886734e-01 3.068686848252886734e-01 3.160058536748968638e-01 3.165806397548882600e-01 3.114233546937129060e-01 2.961609262397421061e-01 3.154315077629740172e-01 3.063012910269500289e-01 3.040359985925010777e-01 3.040359985925010777e-01 3.512972569011476587e-01 3.417226587838709806e-01 3.411282854863514347e-01 3.458965134676196262e-01 3.500937262871714473e-01 3.316818210616801488e-01 3.393479866153337188e-01 3.369808094792556274e-01 3.340323061403879246e-01 3.352103168537752809e-01 3.358000167924242163e-01 3.369808094792556274e-01 3.441048735976866002e-01 3.387554915219784246e-01 3.423175034944980211e-01 3.458965134676196262e-01 3.299237788450601894e-01 3.264200091713527208e-01 3.393479866153337188e-01 3.240932234374916954e-01 3.246742434794615551e-01 3.405343828553435981e-01 3.423175034944980211e-01 3.188841992827051164e-01 3.316818210616801488e-01 3.223528591139470656e-01 3.200386376840611558e-01 3.399409501460234351e-01 3.316818210616801488e-01 3.328561428047267512e-01 3.334439939125489749e-01 3.334439939125489749e-01 3.328561428047267512e-01 3.358000167924242163e-01 3.246742434794615551e-01 3.411282854863514347e-01 3.411282854863514347e-01 3.363901807573024261e-01 3.346210802122320249e-01 3.429128203666064190e-01 3.340323061403879246e-01 3.358000167924242163e-01 3.405343828553435981e-01 3.435086101503537215e-01 3.476924435528570001e-01 3.464946791247424662e-01 3.287540359513251298e-01 3.375719036908578774e-01 3.399409501460234351e-01 3.299237788450601894e-01 3.316818210616801488e-01 3.270028352594835930e-01 3.240932234374916954e-01 3.217736339596585782e-01 3.358000167924242163e-01 3.435086101503537215e-01
2.784653400852691307e-01 2.790120537530206835e-01 2.828502490433952299e-01 2.817516160344444298e-01 2.762824619981300023e-01 2.611776599284351685e-01 2.622465437198069349e-01 2.510985267456948833e-01 2.474190426690540956e-01 2.547961513265888378e-01 7.196033386873942894e-02 0.000000000000000000e+00 2.491499011699736463e-02 1.947830769812401025e-02 2.140878201025823435e-01 3.160058536748968638e-01 3.194611963620679895e-01 3.131385123463023001e-01 3.046016805803490879e-01 3.119946382048944811e-01 3.091425622618787505e-01 3.119946382048944811e-01 3.097121104477104092e-01 3.171558666781388869e-01 3.131385123463023001e-01 3.148576013454788547e-01 3.165806397548882600e-01 3.040359985925010777e-01 3.328561428047267512e-01 3.310953489869636890e-01 3.281698479430793514e-01 3.270028352594835930e-01 3.275861146148704162e-01 3.063012910269500289e-01 3.085734462613819451e-01 3.068686848252886734e-01 3.165806397548882600e-01 3.119946382048944811e-01 3.102820914757770665e-01 2.922541829400229219e-01 3.051677895517484473e-01 3.034707429445914206e-01 3.074365081962601165e-01 3.085734462613819451e-01 3.435086101503537215e-01 3.393479866153337188e-01 3.423175034944980211e-01 3.447016114623460137e-01 3.447016114623460137e-01 3.340323061403879246e-01 3.369808094792556274e-01 3.369808094792556274e-01 3.322687520946342454e-01 3.270028352594835930e-01 3.340323061403879246e-01 3.322687520946342454e-01 3.375719036908578774e-01 3.328561428047267512e-01 3.340323061403879246e-01 3.393479866153337188e-01 3.340323061403879246e-01 3.369808094792556274e-01 3.387554915219784246e-01 3.200386376840611558e-01 3.114233546937129060e-01 3.287540359513251298e-01 3.305093351532689683e-01 3.154315077629740172e-01 3.258376356465558232e-01 3.206165239332757766e-01 3.217736339596585782e-01 3.358000167924242163e-01 3.258376356465558232e-01 3.270028352594835930e-01 3.328561428047267512e-01 3.393479866153337188e-01 3.293386793484762709e-01 3.287540359513251298e-01 3.270028352594835930e-01 3.299237788450601894e-01 3.293386793484762709e-01 3.322687520946342454e-01 3.275861146148704162e-01 3.363901807573024261e-01 3.340323061403879246e-01 3.352103168537752809e-01 3.358000167924242163e-01 3.358000167924242163e-01 3.411282854863514347e-01 3.411282854863514347e-01 3.235126531595007848e-01 3.293386793484762709e-01 3.316818210616801488e-01 3.270028352594835930e-01 3.316818210616801488e-01 3.252557139828089472e-01 3.270028352594835930e-01 3.235126531595007848e-01 3.305093351532689683e-01 3.387554915219784246e-01
2.806545899978011294e-01 2.795591662392887811e-01 2.828502490433952299e-01 2.812029024384531395e-01 2.762824619981300023e-01 2.606437887467988879e-01 2.563864452431949825e-01 2.532092223226289351e-01 2.526809912877635567e-01 2.595771851064981317e-01 8.282807000033630407e-02 2.491499011699736463e-02 0.000000000000000000e+00 1.446500597382424647e-02 2.130853695189472430e-01 3.165806397548882600e-01 3.165806397548882600e-01 3.091425622618787505e-01 3.034707429445914206e-01 3.097121104477104092e-01 3.074365081962601165e-01 3.068686848252886734e-01 3.091425622618787505e-01 3.125663572009443336e-01 3.108525060044772248e-01 3.114233546937129060e-01 3.119946382048944811e-01 3.057343261517704858e-01 3.275861146148704162e-01 3.293386793484762709e-01 3.264200091713527208e-01 3.270028352594835930e-01 3.281698479430793514e-01 3.029059129944610129e-01 3.017775276261471795e-01 3.034707429445914206e-01 3.160058536748968638e-01 3.097121104477104092e-01 3.108525060044772248e-01 2.956015725780162251e-01 3.091425622618787505e-01 3.074365081962601165e-01 3.080047617908142077e-01 3.097121104477104092e-01 3.447016114623460137e-01 3.447016114623460137e-01 3.470933222322208911e-01 3.500937262871714473e-01 3.494926844492077245e-01 3.369808094792556274e-01 3.387554915219784246e-01 3.405343828553435981e-01 3.363901807573024261e-01 3.310953489869636890e-01 3.387554915219784246e-01 3.363901807573024261e-01 3.441048735976866002e-01 3.417226587838709806e-01 3.423175034944980211e-01 3.441048735976866002e-01 3.381634641264167351e-01 3.399409501460234351e-01 3.435086101503537215e-01 3.188841992827051164e-01 3.137111043069302219e-01 3.305093351532689683e-01 3.328561428047267512e-01 3.177315351213947370e-01 3.270028352594835930e-01 3.240932234374916954e-01 3.240932234374916954e-01 3.417226587838709806e-01 3.275861146148704162e-01 3.281698479430793514e-01 3.363901807573024261e-01 3.423175034944980211e-01 3.381634641264167351e-01 3.375719036908578774e-01 3.287540359513251298e-01 3.281698479430793514e-01 3.310953489869636890e-01 3.363901807573024261e-01 3.275861146148704162e-01 3.405343828553435981e-01 3.322687520946342454e-01 3.346210802122320249e-01 3.346210802122320249e-01 3.310953489869636890e-01 3.358000167924242163e-01 3.369808094792556274e-01 3.264200091713527208e-01 3.293386793484762709e-01 3.352103168537752809e-01 3.293386793484762709e-01 3.299237788450601894e-01 3.264200091713527208e-01 3.235126531595007848e-01 3.252557139828089472e-01 3.264200091713527208e-01 3.363901807573024261e-01
2.779190246550184984e-01 2.768275861892997569e-01 2.806545899978011294e-01 2.801066781263609751e-01 2.741059187535221930e-01 2.585120961701014575e-01 2.574485176415898247e-01 2.505717796796789187e-01 2.489937545504765648e-01 2.574485176415898247e-01 7.695665138403945393e-02 1.947830769812401025e-02 1.446500597382424647e-02 0.000000000000000000e+00 2.165998242372120519e-01 3.177315351213947370e-01 3.171558666781388869e-01 3.102820914757770665e-01 3.057343261517704858e-01 3.108525060044772248e-01 3.097121104477104092e-01 3.131385123463023001e-01 3.085734462613819451e-01 3.148576013454788547e-01 3.119946382048944811e-01 3.131385123463023001e-01 3.165806397548882600e-01 3.017775276261471795e-01 3.275861146148704162e-01 3.310953489869636890e-01 3.281698479430793514e-01 3.270028352594835930e-01 3.287540359513251298e-01 3.063012910269500289e-01 3.057343261517704858e-01 3.063012910269500289e-01 3.160058536748968638e-01 3.114233546937129060e-01 3.108525060044772248e-01 2.928110447401379712e-01 3.091425622618787505e-01 3.040359985925010777e-01 3.063012910269500289e-01 3.080047617908142077e-01 3.452988244998742573e-01 3.435086101503537215e-01 3.441048735976866002e-01 3.476924435528570001e-01 3.488921238939629577e-01 3.316818210616801488e-01 3.387554915219784246e-01 3.417226587838709806e-01 3.369808094792556274e-01 3.305093351532689683e-01 3.375719036908578774e-01 3.352103168537752809e-01 3.405343828553435981e-01 3.387554915219784246e-01 3.399409501460234351e-01 3.435086101503537215e-01 3.334439939125489749e-01 3.375719036908578774e-01 3.417226587838709806e-01 3.165806397548882600e-01 3.148576013454788547e-01 3.281698479430793514e-01 3.305093351532689683e-01 3.183076457629602229e-01 3.281698479430793514e-01 3.240932234374916954e-01 3.217736339596585782e-01 3.393479866153337188e-01 3.270028352594835930e-01 3.287540359513251298e-01 3.393479866153337188e-01 3.429128203666064190e-01 3.346210802122320249e-01 3.346210802122320249e-01 3.293386793484762709e-01 3.322687520946342454e-01 3.305093351532689683e-01 3.352103168537752809e-01 3.270028352594835930e-01 3.369808094792556274e-01 3.352103168537752809e-01 3.369808094792556274e-01 3.358000167924242163e-01 3.352103168537752809e-01 3.399409501460234351e-01 3.399409501460234351e-01 3.264200091713527208e-01 3.334439939125489749e-01 3.369808094792556274e-01 3.340323061403879246e-01 3.299237788450601894e-01 3.275861146148704162e-01 3.240932234374916954e-01 3.252557139828089472e-01 3.264200091713527208e-01 3.381634641264167351e-01
3.012139709308772617e-01 3.108525060044772248e-01 3.142841337503160526e-01 3.125663572009443336e-01 3.114233546937129060e-01 3.046016805803490879e-01 2.784653400852691307e-01 2.889216669658638548e-01 2.950426357741068872e-01 2.878141107714786151e-01 2.241867159544513877e-01 2.140878201025823435e-01 2.130853695189472430e-01 2.165998242372120519e-01 0.000000000000000000e+00 3.423175034944980211e-01 3.393479866153337188e-01 3.358000167924242163e-01 3.264200091713527208e-01 3.229325319497082791e-01 3.328561428047267512e-01 3.235126531595007848e-01 3.322687520946342454e-01 3.310953489869636890e-01 3.264200091713527208e-01 3.229325319497082791e-01 3.316818210616801488e-01 3.223528591139470656e-01 3.435086101503537215e-01 3.423175034944980211e-01 3.429128203666064190e-01 3.411282854863514347e-01 3.363901807573024261e-01 3.252557139828089472e-01 3.200386376840611558e-01 3.211948557958871353e-01 3.229325319497082791e-01 3.363901807573024261e-01 3.417226587838709806e-01 3.258376356465558232e-01 3.246742434794615551e-01 3.223528591139470656e-01 3.287540359513251298e-01 3.270028352594835930e-01 3.695858899837414224e-01 3.652784803592030727e-01 3.561307859831292499e-01 3.579514207274880899e-01 3.646651506262355569e-01 3.525027219343016549e-01 3.543145601527307176e-01 3.640523220479471300e-01 3.543145601527307176e-01 3.543145601527307176e-01 3.476924435528570001e-01 3.488921238939629577e-01 3.646651506262355569e-01 3.549194802016555350e-01 3.567371732955044172e-01 3.573440512787187662e-01 3.702032586562747363e-01 3.555248885488029309e-01 3.603858291401986214e-01 3.435086101503537215e-01 3.387554915219784246e-01 3.429128203666064190e-01 3.411282854863514347e-01 3.352103168537752809e-01 3.381634641264167351e-01 3.316818210616801488e-01 3.346210802122320249e-01 3.543145601527307176e-01 3.441048735976866002e-01 3.458965134676196262e-01 3.352103168537752809e-01 3.429128203666064190e-01 3.441048735976866002e-01 3.423175034944980211e-01 3.381634641264167351e-01 3.488921238939629577e-01 3.537101276149792750e-01 3.512972569011476587e-01 3.597764858433086799e-01 3.506952501798622501e-01 3.476924435528570001e-01 3.488921238939629577e-01 3.512972569011476587e-01 3.470933222322208911e-01 3.543145601527307176e-01 3.512972569011476587e-01 3.458965134676196262e-01 3.452988244998742573e-01 3.458965134676196262e-01 3.352103168537752809e-01 3.500937262871714473e-01 3.452988244998742573e-01 3.299237788450601894e-01 3.405343828553435981e-01 3.506952501798622501e-01 3.506952501798622501e-01
3.252557139828089472e-01 3.206165239332757766e-01 3.165806397548882600e-01 3.252557139828089472e-01 3.229325319497082791e-01 3.119946382048944811e-01 3.074365081962601165e-01 2.961609262397421061e-01 3.012139709308772617e-01 3.017775276261471795e-01 3.165806397548882600e-01 3.160058536748968638e-01 3.165806397548882600e-01 3.177315351213947370e-01 3.423175034944980211e-01 0.000000000000000000e+00 1.702536630546932217e-01 1.712004336411823702e-01 1.594508460828828744e-01 1.645980015662336371e-01 1.613184544353656324e-01 1.492613110081796868e-01 1.869972094946248387e-01 1.903912461024878100e-01 1.749995131025577910e-01 1.764291439495012936e-01 1.821750754376446624e-01 1.645980015662336371e-01 2.437575219710728658e-01 2.547961513265888378e-01 2.537378256570916868e-01 2.432359037745512320e-01 2.939260102576714551e-01 2.627815574150663136e-01 2.643888922367177430e-01 2.649254369120389585e-01 2.779190246550184984e-01 2.579801183726469493e-01 2.735627684582083718e-01 2.681527906848380494e-01 2.784653400852691307e-01 2.768275861892997569e-01 2.686920357649885682e-01 2.703121011975126997e-01 3.506952501798622501e-01 3.518997472267597626e-01 3.387554915219784246e-01 3.423175034944980211e-01 3.482920438512821515e-01 3.405343828553435981e-01 3.441048735976866002e-01 3.417226587838709806e-01 3.417226587838709806e-01 3.381634641264167351e-01 3.352103168537752809e-01 3.358000167924242163e-01 3.476924435528570001e-01 3.417226587838709806e-01 3.417226587838709806e-01 3.340323061403879246e-01 3.423175034944980211e-01 3.411282854863514347e-01 3.458965134676196262e-01 3.137111043069302219e-01 3.154315077629740172e-01 3.125663572009443336e-01 3.119946382048944811e-01 2.911416981872214649e-01 3.034707429445914206e-01 2.995258371682674170e-01 3.148576013454788547e-01 3.246742434794615551e-01 3.177315351213947370e-01 3.165806397548882600e-01 3.102820914757770665e-01 3.148576013454788547e-01 3.097121104477104092e-01 3.137111043069302219e-01 3.165806397548882600e-01 3.177315351213947370e-01 3.102820914757770665e-01 3.057343261517704858e-01 3.229325319497082791e-01 3.125663572009443336e-01 3.108525060044772248e-01 3.125663572009443336e-01 3.119946382048944811e-01 3.057343261517704858e-01 3.119946382048944811e-01 3.068686848252886734e-01 3.085734462613819451e-01 3.023415081014008132e-01 2.956015725780162251e-01 3.125663572009443336e-01 3.097121104477104092e-01 3.131385123463023001e-01 3.171558666781388869e-01 3.114233546937129060e-01 3.183076457629602229e-01 3.194611963620679895e-01
